date,open,high,low,close,volume
2000-06-16,14.11,14.48,13.02,13.06,23850500.0
2000-06-19,12.9,13.09,12.66,12.7,4447700.0
2000-06-20,12.7,13.0,12.65,12.92,2239500.0
2000-06-21,12.9,13.2,12.7,13.04,2225800.0
2000-06-22,13.05,13.17,12.82,12.9,1462600.0
2000-06-23,12.9,13.1,12.8,13.02,1822400.0
2000-06-26,13.08,13.46,13.0,13.34,2928700.0
2000-06-27,13.4,13.49,13.22,13.27,1403700.0
2000-06-28,13.3,13.35,12.98,13.06,1841500.0
2000-06-29,13.06,13.29,13.01,13.17,1239400.0
2000-06-30,13.17,13.2,12.9,12.9,1315700.0
2000-07-03,12.85,12.98,12.74,12.8,1028100.0
2000-07-04,12.75,13.45,12.75,13.05,829600.0
2000-07-05,13.1,13.16,12.91,13.07,628300.0
2000-07-06,13.07,13.08,12.8,12.98,566300.0
2000-07-07,12.98,13.18,12.9,13.12,928400.0
2000-07-10,13.18,13.38,13.02,13.35,1690400.0
2000-07-11,13.4,13.45,13.26,13.27,1396300.0
2000-07-12,13.28,14.0,13.2,13.84,5107700.0
2000-07-13,13.85,14.38,13.7,13.93,5284100.0
2000-07-14,13.95,14.0,13.51,13.85,1758800.0
2000-07-17,13.91,14.15,13.8,13.86,1864800.0
2000-07-18,13.83,13.95,13.7,13.73,1129200.0
2000-07-19,14.0,14.0,13.6,13.68,1020600.0
2000-07-20,13.64,13.78,13.5,13.59,1005600.0
2000-07-21,13.59,13.7,13.52,13.68,767200.0
2000-07-24,13.68,13.95,13.42,13.5,910300.0
2000-07-25,13.5,13.73,13.4,13.62,744100.0
2000-07-26,13.62,13.73,13.5,13.64,609300.0
2000-07-27,13.65,13.7,13.46,13.51,790400.0
2000-07-28,13.52,13.55,13.39,13.44,946100.0
2000-07-31,13.45,13.69,13.45,13.63,746600.0
2000-08-01,13.65,13.7,13.53,13.6,517400.0
2000-08-02,13.6,13.7,13.5,13.56,490700.0
2000-08-03,13.59,13.8,13.53,13.8,1160200.0
2000-08-04,13.83,13.9,13.5,13.54,752400.0
2000-08-07,13.54,13.6,13.41,13.58,678100.0
2000-08-08,13.3,13.5,13.3,13.35,1027200.0
2000-08-09,13.41,13.54,13.38,13.41,800800.0
2000-08-10,13.41,13.5,13.3,13.37,935200.0
2000-08-11,13.37,13.48,13.3,13.38,552400.0
2000-08-14,13.38,13.6,13.36,13.58,742200.0
2000-08-15,13.58,13.59,13.32,13.42,611900.0
2000-08-16,13.42,13.49,13.36,13.45,503400.0
2000-08-17,13.45,13.65,13.45,13.52,790600.0
2000-08-18,13.52,13.7,13.52,13.6,680500.0
2000-08-21,13.61,13.93,13.6,13.89,1750400.0
2000-08-22,13.93,13.95,13.5,13.56,896000.0
2000-08-23,13.45,13.5,12.9,13.39,1520400.0
2000-08-24,13.39,13.5,13.15,13.4,786300.0
2000-08-25,13.4,13.49,13.29,13.47,554100.0
2000-08-28,13.43,13.65,13.43,13.65,868800.0
2000-08-29,13.62,13.86,13.62,13.7,1037500.0
2000-08-30,13.75,13.78,13.5,13.53,687000.0
2000-08-31,13.51,13.51,13.1,13.11,1133600.0
2000-09-01,13.02,13.21,12.96,13.09,593200.0
2000-09-04,13.1,13.19,12.95,13.18,530100.0
2000-09-05,13.26,13.27,12.8,12.86,462200.0
2000-09-06,12.82,12.99,12.65,12.66,637019.0
2000-09-07,12.66,12.96,12.66,12.82,391100.0
2000-09-08,12.82,12.9,12.72,12.84,229800.0
2000-09-11,12.84,13.07,12.76,13.03,323000.0
2000-09-12,13.0,13.0,12.78,12.94,305800.0
2000-09-13,12.9,13.09,12.8,12.98,354900.0
2000-09-14,12.96,13.04,12.8,12.83,403700.0
2000-09-15,12.81,12.89,12.72,12.87,281100.0
2000-09-18,12.87,12.87,12.66,12.67,263200.0
2000-09-19,12.6,12.6,12.18,12.23,556300.0
2000-09-20,12.2,12.39,12.13,12.34,269800.0
2000-09-21,12.34,12.44,12.23,12.3,236600.0
2000-09-22,12.21,12.36,12.18,12.24,220600.0
2000-09-25,12.18,12.18,11.99,12.0,304800.0
2000-09-26,12.0,12.17,12.0,12.1,239700.0
2000-09-27,12.17,12.38,12.09,12.33,176600.0
2000-09-28,12.32,12.44,12.18,12.19,172500.0
2000-09-29,12.1,12.4,12.1,12.34,224100.0
2000-10-09,12.4,12.62,12.33,12.6,258900.0
2000-10-10,12.6,12.72,12.51,12.62,404000.0
2000-10-11,12.65,12.85,12.42,12.62,476700.0
2000-10-12,12.6,12.72,12.53,12.65,250500.0
2000-10-13,12.65,12.85,12.56,12.62,257200.0
2000-10-16,12.42,12.61,12.31,12.36,238500.0
2000-10-17,12.45,12.47,12.3,12.46,119900.0
2000-10-18,12.48,12.7,12.4,12.66,264400.0
2000-10-19,12.6,12.7,12.56,12.58,276700.0
2000-10-20,12.42,12.85,12.42,12.79,423200.0
2000-10-23,12.81,13.08,12.7,13.0,746600.0
2000-10-24,12.9,13.07,12.85,13.0,389400.0
2000-10-25,13.0,13.34,13.0,13.14,1130800.0
2000-10-26,13.14,13.2,13.0,13.03,471700.0
2000-10-27,13.0,13.08,12.83,12.93,323900.0
2000-10-30,12.9,13.28,12.87,13.21,413400.0
2000-10-31,13.21,13.3,12.94,12.96,339300.0
2000-11-01,12.9,13.05,12.9,12.99,192400.0
2000-11-02,13.16,13.16,13.0,13.04,330500.0
2000-11-03,13.1,13.1,12.98,13.05,289100.0
2000-11-06,13.03,13.3,12.99,13.21,461400.0
2000-11-07,13.28,13.44,13.15,13.41,707800.0
2000-11-08,13.45,13.54,13.3,13.37,839700.0
2000-11-09,13.37,13.52,13.33,13.5,934600.0
2000-11-10,13.5,13.54,13.3,13.43,764200.0
2000-11-13,13.49,13.84,13.45,13.83,2265300.0
2000-11-14,13.88,13.9,13.66,13.86,1323800.0
2000-11-15,13.86,13.86,13.55,13.64,839400.0
2000-11-16,13.62,13.78,13.6,13.74,827900.0
2000-11-17,13.78,13.8,13.66,13.7,757300.0
2000-11-20,13.75,13.75,13.45,13.57,660329.0
2000-11-21,13.62,13.69,13.48,13.5,510877.0
2000-11-22,13.5,13.8,13.5,13.72,670273.0
2000-11-23,13.8,14.4,13.73,14.33,3717971.0
2000-11-24,14.35,14.47,13.58,13.64,2375936.0
2000-11-27,13.59,14.26,13.52,14.02,2252518.0
2000-11-28,14.15,14.24,14.06,14.2,1249126.0
2000-11-29,14.2,14.35,13.98,14.1,637394.0
2000-11-30,14.05,14.6,13.95,14.45,2062620.0
2000-12-01,14.5,14.75,14.35,14.72,2295764.0
2000-12-04,14.81,15.2,14.7,15.09,2829815.0
2000-12-05,15.1,15.28,14.8,15.12,1842427.0
2000-12-06,15.14,15.47,14.85,14.98,2515200.0
2000-12-07,14.9,15.08,14.6,14.71,1643139.0
2000-12-08,14.62,14.9,14.62,14.73,1041301.0
2000-12-11,14.66,14.73,14.18,14.23,1189479.0
2000-12-12,14.23,14.5,14.2,14.48,696755.0
2000-12-13,14.5,14.72,14.29,14.62,582970.0
2000-12-14,14.6,14.81,14.5,14.59,593040.0
2000-12-15,14.59,14.65,14.32,14.47,604382.0
2000-12-18,14.5,14.58,13.98,14.49,1518921.0
2000-12-19,14.55,14.9,14.5,14.72,1131224.0
2000-12-20,14.85,15.32,14.85,15.2,2828828.0
2000-12-21,15.3,15.4,15.05,15.18,1491875.0
2000-12-22,15.18,15.2,14.8,14.97,934505.0
2000-12-25,14.97,15.19,14.75,15.14,969318.0
2000-12-26,15.3,15.3,15.0,15.18,613503.0
2000-12-27,15.2,15.2,14.91,14.94,588960.0
2000-12-28,14.9,15.13,14.85,14.85,546942.0
2000-12-29,14.78,14.94,14.78,14.88,499962.0
2001-01-02,14.94,15.18,14.7,14.99,1031948.0
2001-01-03,15.0,15.58,15.0,15.5,2043095.0
2001-01-04,15.5,15.55,15.29,15.36,864628.0
2001-01-05,15.38,15.9,15.35,15.7,1711538.0
2001-01-08,15.8,15.9,15.41,15.58,987440.0
2001-01-09,15.53,15.85,15.48,15.77,1170176.0
2001-01-10,15.8,15.8,15.48,15.65,1007523.0
2001-01-11,15.75,16.0,15.55,15.57,809296.0
2001-01-12,15.5,15.5,15.11,15.21,698739.0
2001-01-15,15.11,15.15,14.58,14.6,1305950.0
2001-01-16,14.45,14.65,14.16,14.59,1042884.0
2001-01-17,14.59,14.6,14.41,14.46,346000.0
2001-01-18,14.36,14.65,14.36,14.41,482313.0
2001-01-19,14.41,14.72,14.41,14.65,574903.0
2001-02-05,14.65,14.68,13.77,13.84,1345797.0
2001-02-06,13.75,13.97,13.58,13.91,541464.0
2001-02-07,13.91,13.95,13.66,13.69,275800.0
2001-02-08,13.71,13.84,12.5,13.16,695277.0
2001-02-09,13.15,13.5,13.14,13.41,622535.0
2001-02-12,13.41,13.57,13.2,13.54,284679.0
2001-02-13,13.54,13.73,13.5,13.56,233450.0
2001-02-14,13.5,13.57,13.3,13.48,167640.0
2001-02-15,13.45,13.56,13.37,13.4,172965.0
2001-02-16,13.38,13.7,13.0,13.65,413169.0
2001-02-19,13.69,13.84,13.4,13.8,293142.0
2001-02-20,13.81,13.88,13.55,13.61,339328.0
2001-02-21,13.6,13.6,13.2,13.22,434786.0
2001-02-22,13.22,13.48,13.12,13.3,256930.0
2001-02-23,13.33,13.62,13.33,13.61,197851.0
2001-02-26,13.7,13.75,13.64,13.72,276849.0
2001-02-27,13.73,13.8,13.56,13.8,263436.0
2001-02-28,13.78,13.78,13.65,13.67,160070.0
2001-03-01,13.68,13.89,13.65,13.87,268325.0
2001-03-02,13.87,13.96,13.8,13.9,416433.0
2001-03-05,13.9,13.99,13.72,13.74,261675.0
2001-03-06,13.75,13.76,13.68,13.74,236960.0
2001-03-07,13.76,14.06,13.7,13.97,284111.0
2001-03-08,14.09,14.12,13.8,14.02,421218.0
2001-03-09,14.04,14.09,13.8,13.84,534459.0
2001-03-12,13.88,14.07,13.75,14.06,454041.0
2001-03-13,14.07,14.2,13.92,14.0,499544.0
2001-03-14,13.93,14.1,13.93,14.09,245971.0
2001-03-15,14.08,14.18,13.97,14.01,445000.0
2001-03-16,14.03,14.03,13.81,13.89,417364.0
2001-03-19,13.8,14.03,13.69,14.03,549585.0
2001-03-20,14.1,14.1,13.92,14.05,441430.0
2001-03-21,14.05,14.28,13.98,14.26,578672.0
2001-03-22,14.29,14.3,14.12,14.23,552389.0
2001-03-23,14.25,14.48,14.05,14.11,916299.0
2001-03-26,14.28,14.49,14.13,14.48,643550.0
2001-03-27,14.5,14.65,14.5,14.59,633843.0
2001-03-28,14.62,14.67,14.46,14.53,374317.0
2001-03-29,14.55,14.58,14.3,14.37,617844.0
2001-03-30,14.35,14.5,14.25,14.5,419271.0
2001-04-02,14.52,14.62,14.4,14.55,564700.0
2001-04-03,14.58,14.62,14.31,14.41,425100.0
2001-04-04,14.41,14.44,14.05,14.13,594714.0
2001-04-05,14.1,14.28,14.02,14.24,447585.0
2001-04-06,14.24,14.32,14.1,14.16,319400.0
2001-04-09,14.21,14.25,13.95,14.21,626930.0
2001-04-10,14.26,14.28,14.16,14.22,409301.0
2001-04-11,14.25,14.5,14.15,14.45,661211.0
2001-04-12,14.4,14.55,14.35,14.41,573276.0
2001-04-13,14.45,14.55,14.4,14.54,614394.0
2001-04-16,14.58,14.64,14.47,14.6,773155.0
2001-04-17,14.62,14.69,14.45,14.52,606237.0
2001-04-18,14.58,14.88,14.53,14.8,1140455.0
2001-04-19,14.9,15.08,14.82,15.07,1880416.0
2001-04-20,15.1,15.19,14.8,14.8,988350.0
2001-04-24,14.5,15.0,14.5,14.73,373600.0
2001-04-25,14.8,14.85,14.28,14.28,768610.0
2001-04-26,14.21,14.37,14.16,14.2,519162.0
2001-04-27,14.16,14.3,14.16,14.24,403290.0
2001-04-30,14.24,14.38,14.2,14.29,315700.0
2001-05-08,14.24,14.55,14.0,14.48,332970.0
2001-05-09,14.48,14.54,14.3,14.37,235650.0
2001-05-10,14.39,14.71,14.35,14.69,437900.0
2001-05-11,14.75,14.8,14.6,14.79,374282.0
2001-05-14,14.82,14.88,14.7,14.85,518371.0
2001-05-15,14.55,14.9,14.55,14.82,532930.0
2001-05-16,14.9,14.9,14.68,14.78,576845.0
2001-05-17,14.78,14.86,14.61,14.78,781350.0
2001-05-18,14.8,15.18,14.75,15.08,1921461.0
2001-05-21,15.15,15.3,15.0,15.28,1353031.0
2001-05-22,15.29,15.3,15.1,15.18,921144.0
2001-05-23,15.22,15.3,14.81,14.98,892940.0
2001-05-24,15.0,15.35,14.95,15.29,1112752.0
2001-05-25,15.15,15.5,15.15,15.43,1296960.0
2001-05-28,15.5,15.53,15.25,15.29,951217.0
2001-05-29,15.29,15.46,15.2,15.24,681383.0
2001-05-30,15.15,15.48,15.15,15.43,666114.0
2001-05-31,15.43,15.52,15.38,15.48,676895.0
2001-06-01,15.48,15.48,15.3,15.42,644374.0
2001-06-04,15.42,15.77,15.42,15.75,1036033.0
2001-06-05,15.75,15.97,15.69,15.94,1840245.0
2001-06-06,15.99,16.4,15.95,16.11,3299578.0
2001-06-07,16.3,16.3,15.93,16.06,1979617.0
2001-06-08,16.06,16.43,15.67,16.38,1954668.0
2001-06-11,16.4,16.66,16.18,16.43,1919247.0
2001-06-12,16.43,16.58,16.38,16.55,1127784.0
2001-06-13,16.6,16.98,16.48,16.96,1650111.0
2001-06-14,16.98,17.1,16.32,16.36,2249060.0
2001-06-15,16.29,16.76,16.1,16.69,1993969.0
2001-06-18,16.75,16.8,15.8,15.93,1877219.0
2001-06-19,15.82,16.0,15.61,15.82,1073263.0
2001-06-20,15.78,16.0,15.69,15.72,626270.0
2001-06-21,15.72,16.21,15.72,16.2,692853.0
2001-06-22,16.2,16.5,16.2,16.27,955575.0
2001-06-25,16.3,16.58,16.3,16.51,746694.0
2001-06-26,16.53,16.66,16.35,16.55,651712.0
2001-06-27,16.54,16.54,16.28,16.34,661283.0
2001-06-28,16.3,16.46,16.05,16.08,703890.0
2001-06-29,16.08,16.15,16.05,16.11,511471.0
2001-07-02,16.11,16.15,15.81,15.88,545432.0
2001-07-03,15.88,16.0,15.71,16.0,503880.0
2001-07-04,16.0,16.05,15.8,15.82,293452.0
2001-07-05,15.82,15.82,15.55,15.55,651000.0
2001-07-06,15.55,15.65,15.38,15.39,533629.0
2001-07-09,15.35,15.58,15.25,15.52,548949.0
2001-07-10,15.48,16.07,15.48,15.99,653696.0
2001-07-11,15.99,15.99,15.6,15.62,408300.0
2001-07-12,15.58,15.8,15.5,15.62,313792.0
2001-07-13,15.69,15.9,15.56,15.6,279170.0
2001-07-16,15.67,15.92,15.67,15.71,341068.0
2001-07-17,15.72,15.78,15.57,15.74,430000.0
2001-07-18,15.85,15.88,15.57,15.7,227850.0
2001-07-19,15.7,16.02,15.66,16.01,287350.0
2001-07-20,16.05,16.35,15.91,16.29,858020.0
2001-07-24,16.25,16.25,15.86,15.9,783660.0
2001-07-25,15.85,16.08,15.78,15.89,367750.0
2001-07-26,15.39,15.8,15.28,15.61,453660.0
2001-07-27,15.61,15.76,15.26,15.27,434700.0
2001-07-30,15.2,15.2,14.65,14.85,894641.0
2001-07-31,14.59,14.93,14.0,14.2,737956.0
2001-08-01,14.15,14.88,14.15,14.85,580488.0
2001-08-02,14.7,14.8,14.22,14.63,344179.0
2001-08-03,14.6,14.77,14.48,14.63,141900.0
2001-08-06,14.56,14.56,14.08,14.22,321818.0
2001-08-07,14.08,14.6,14.08,14.54,267321.0
2001-08-08,14.55,14.58,14.31,14.5,130210.0
2001-08-09,14.58,14.85,14.5,14.83,250420.0
2001-08-10,14.88,15.13,14.88,15.03,588728.0
2001-08-13,14.78,15.1,14.78,14.9,182610.0
2001-08-14,14.98,15.01,14.6,14.79,241757.0
2001-08-15,14.78,14.95,14.68,14.94,169534.0
2001-08-16,15.77,15.77,14.7,15.17,1230705.0
2001-08-17,15.17,15.2,14.83,14.9,299144.0
2001-08-20,14.95,15.25,14.9,15.19,349952.0
2001-08-21,15.26,15.3,15.02,15.13,280780.0
2001-08-22,15.09,15.09,14.68,14.77,337910.0
2001-08-23,14.51,14.9,14.5,14.77,245485.0
2001-08-24,14.7,14.9,14.5,14.6,145800.0
2001-08-27,14.58,14.61,14.22,14.25,311590.0
2001-08-28,14.18,14.62,14.15,14.58,303364.0
2001-08-29,14.6,14.74,14.5,14.56,107400.0
2001-08-30,14.34,14.56,14.21,14.32,80850.0
2001-08-31,14.4,14.5,14.28,14.29,180200.0
2001-09-03,14.2,14.3,13.98,14.04,464554.0
2001-09-04,14.0,14.38,13.99,14.32,827389.0
2001-09-05,14.36,14.57,14.1,14.26,418420.0
2001-09-06,14.56,14.56,14.2,14.25,109950.0
2001-09-07,14.25,14.32,13.78,13.99,609743.0
2001-09-10,13.8,14.24,13.68,14.05,344950.0
2001-09-11,14.2,14.32,14.1,14.16,305953.0
2001-09-12,13.88,14.13,13.68,13.99,421132.0
2001-09-13,13.98,14.09,13.78,13.97,126950.0
2001-09-14,13.83,13.99,13.6,13.71,247120.0
2001-09-17,13.5,13.6,12.97,13.08,570200.0
2001-09-18,13.05,13.4,12.98,13.0,283359.0
2001-09-19,13.0,13.12,12.68,13.07,525184.0
2001-09-20,13.08,13.4,13.08,13.26,825716.0
2001-09-21,13.26,13.26,13.07,13.1,629731.0
2001-09-24,12.8,13.0,12.8,12.82,167100.0
2001-09-25,12.85,13.1,12.85,12.89,125125.0
2001-09-26,12.89,13.0,12.6,12.6,200700.0
2001-09-27,12.6,12.85,12.55,12.71,282065.0
2001-09-28,12.76,12.85,12.61,12.82,159307.0
2001-10-08,12.82,12.88,12.31,12.64,165130.0
2001-10-09,12.5,12.77,12.45,12.73,90600.0
2001-10-10,12.59,12.73,12.1,12.58,286561.0
2001-10-11,12.38,12.45,11.85,11.88,226499.0
2001-10-12,11.85,12.38,11.33,12.3,535460.0
2001-10-15,12.35,12.35,11.91,12.04,215402.0
2001-10-16,12.04,12.1,11.5,11.83,441126.0
2001-10-17,11.65,11.85,11.48,11.69,206048.0
2001-10-18,11.69,11.72,11.35,11.55,149100.0
2001-10-23,12.05,12.71,12.05,12.71,2193755.0
2001-10-24,12.99,13.65,12.5,13.08,2609494.0
2001-10-25,12.89,12.93,12.5,12.52,676321.0
2001-10-26,12.5,12.8,12.2,12.56,517929.0
2001-10-29,12.52,12.78,12.52,12.72,226932.0
2001-10-30,12.68,12.82,12.45,12.48,173300.0
2001-10-31,12.4,12.7,12.22,12.67,870042.0
2001-11-01,12.7,12.94,12.65,12.88,1282231.0
2001-11-02,12.8,12.98,12.7,12.72,375333.0
2001-11-05,12.8,12.8,12.59,12.65,218650.0
2001-11-06,12.65,12.75,12.5,12.52,136303.0
2001-11-07,12.53,12.54,11.7,11.75,502161.0
2001-11-08,11.52,12.02,11.4,11.92,309893.0
2001-11-09,11.89,12.11,11.64,11.94,240850.0
2001-11-12,12.1,12.1,11.87,11.9,111350.0
2001-11-13,11.71,11.85,11.6,11.73,186496.0
2001-11-14,12.05,12.05,11.75,11.77,77100.0
2001-11-15,11.8,11.9,11.71,11.81,77810.0
2001-11-16,12.1,12.95,12.0,12.04,1092320.0
2001-11-19,12.02,12.39,12.02,12.37,226847.0
2001-11-20,12.4,12.63,12.3,12.55,529248.0
2001-11-21,12.55,12.65,12.38,12.6,277061.0
2001-11-22,12.51,12.69,12.48,12.64,271020.0
2001-11-23,12.52,12.63,12.41,12.5,206017.0
2001-11-26,12.48,12.48,12.3,12.4,125591.0
2001-11-27,12.39,12.6,12.39,12.59,132916.0
2001-11-28,12.6,12.84,12.52,12.7,289952.0
2001-11-29,12.7,12.78,12.63,12.74,334014.0
2001-11-30,12.7,12.9,12.69,12.89,558140.0
2001-12-03,12.96,13.08,12.88,12.92,660329.0
2001-12-04,12.92,12.93,12.76,12.93,383953.0
2001-12-05,12.9,13.1,12.74,13.05,1029903.0
2001-12-06,13.25,13.25,12.8,13.03,598075.0
2001-12-07,13.08,13.1,12.8,12.9,268165.0
2001-12-10,12.9,12.95,12.69,12.83,321603.0
2001-12-11,12.8,12.87,12.7,12.7,149250.0
2001-12-12,12.72,12.84,12.6,12.69,187692.0
2001-12-13,12.65,12.78,12.36,12.51,434064.0
2001-12-14,12.41,12.58,12.36,12.41,327418.0
2001-12-17,12.38,12.58,12.36,12.49,347229.0
2001-12-18,12.47,12.59,12.35,12.59,218221.0
2001-12-19,12.58,12.63,12.36,12.37,284600.0
2001-12-20,12.33,12.36,12.06,12.24,413694.0
2001-12-21,12.2,12.28,12.08,12.25,228490.0
2001-12-24,12.2,12.2,11.8,11.9,220630.0
2001-12-25,11.8,12.0,11.73,11.92,123778.0
2001-12-26,11.95,12.1,11.83,12.07,94714.0
2001-12-27,12.1,12.17,12.0,12.09,130045.0
2001-12-28,12.1,12.15,12.0,12.12,220442.0
2001-12-31,12.2,12.32,12.14,12.18,89600.0
2002-01-04,12.18,12.18,11.85,12.0,216705.0
2002-01-07,11.84,11.98,11.76,11.91,118298.0
2002-01-08,11.9,11.98,11.61,11.8,73550.0
2002-01-09,11.8,11.88,11.66,11.8,247371.0
2002-01-10,11.7,12.0,11.56,11.9,225210.0
2002-01-11,11.81,11.83,11.51,11.55,120200.0
2002-01-14,11.43,11.43,10.9,11.05,398519.0
2002-01-15,11.01,11.19,10.6,10.65,238450.0
2002-01-16,10.7,10.85,10.35,10.69,184920.0
2002-01-17,10.67,10.69,9.62,9.62,651700.0
2002-01-18,9.41,9.68,8.71,8.98,652341.0
2002-01-21,8.96,8.97,8.51,8.6,356210.0
2002-01-22,8.6,9.05,8.31,8.45,350708.0
2002-01-23,8.4,8.99,7.71,8.92,932881.0
2002-01-24,8.88,9.29,8.5,9.11,1331512.0
2002-01-25,8.99,9.2,8.8,9.03,437822.0
2002-01-28,9.03,9.04,8.13,8.13,641900.0
2002-01-29,7.99,8.5,7.74,8.47,389199.0
2002-01-30,8.48,8.63,8.25,8.5,295580.0
2002-01-31,8.55,9.35,8.55,9.35,1385947.0
2002-02-01,9.41,9.81,9.21,9.42,1581515.0
2002-02-04,9.4,9.71,9.12,9.64,653856.0
2002-02-05,9.7,9.8,9.57,9.79,699960.0
2002-02-07,9.41,10.05,9.3,9.93,886178.0
2002-02-08,9.92,9.99,9.68,9.7,629910.0
2002-02-25,10.0,10.19,9.76,9.81,488570.0
2002-02-26,9.8,9.81,9.6,9.79,311140.0
2002-02-27,9.78,9.92,9.65,9.85,286399.0
2002-02-28,9.8,9.94,9.65,9.65,255100.0
2002-03-01,9.62,9.63,9.29,9.31,489680.0
2002-03-04,9.21,9.61,9.21,9.6,263364.0
2002-03-05,9.5,10.06,9.5,10.0,657773.0
2002-03-06,10.18,10.48,10.05,10.15,1522721.0
2002-03-07,10.15,10.76,10.15,10.72,1223387.0
2002-03-08,10.8,10.89,10.52,10.85,1974533.0
2002-03-11,10.9,11.26,10.84,11.2,1672577.0
2002-03-12,11.0,11.0,10.54,10.62,2749692.0
2002-03-13,10.5,10.7,10.33,10.38,1538856.0
2002-03-14,10.35,10.75,10.35,10.71,1028014.0
2002-03-15,10.8,10.87,10.41,10.44,1687301.0
2002-03-18,10.58,10.95,10.46,10.9,1174651.0
2002-03-19,10.8,11.28,10.71,11.12,1694238.0
2002-03-20,11.1,11.41,11.1,11.4,2130204.0
2002-03-21,11.65,11.97,11.48,11.57,5565900.0
2002-03-22,11.5,11.5,11.3,11.36,1249154.0
2002-03-25,11.2,11.34,11.11,11.3,642751.0
2002-03-26,11.29,11.29,10.95,10.98,677979.0
2002-03-27,10.9,11.18,10.85,11.18,436081.0
2002-03-28,11.19,11.35,11.1,11.16,400200.0
2002-03-29,11.1,11.15,10.6,10.66,597230.0
2002-04-01,10.55,10.78,10.52,10.67,305410.0
2002-04-02,10.68,10.7,10.26,10.31,473200.0
2002-04-03,10.28,10.38,10.22,10.33,321404.0
2002-04-04,10.38,10.82,10.12,10.77,452611.0
2002-04-05,10.79,10.82,10.6,10.62,324048.0
2002-04-08,10.6,10.72,10.57,10.62,216845.0
2002-04-09,10.65,10.96,10.57,10.89,342809.0
2002-04-10,10.91,11.15,10.88,11.07,449576.0
2002-04-11,11.1,11.14,10.75,10.75,294780.0
2002-04-12,10.76,11.1,10.7,10.96,479867.0
2002-04-15,11.0,11.19,10.85,11.05,368019.0
2002-04-16,10.85,11.05,10.78,10.88,160200.0
2002-04-17,10.88,11.09,10.75,11.0,336689.0
2002-04-18,11.0,11.06,10.78,10.8,227950.0
2002-04-19,10.75,10.75,10.48,10.69,332397.0
2002-04-22,10.6,10.6,10.35,10.43,403100.0
2002-04-23,10.36,10.52,10.32,10.35,163040.0
2002-04-24,10.31,10.44,10.25,10.25,248700.0
2002-04-25,10.26,10.35,10.25,10.33,165295.0
2002-04-26,10.33,10.61,10.33,10.51,279936.0
2002-04-29,10.68,10.8,10.52,10.77,370933.0
2002-04-30,10.81,10.9,10.7,10.79,462128.0
2002-05-08,10.7,10.73,10.58,10.6,131500.0
2002-05-09,10.58,10.67,10.45,10.48,220590.0
2002-05-10,10.5,10.52,10.41,10.5,193860.0
2002-05-13,10.5,10.5,10.31,10.48,202400.0
2002-05-14,10.45,10.5,10.3,10.36,189710.0
2002-05-15,10.36,10.36,10.19,10.2,255991.0
2002-05-16,10.13,10.13,9.67,9.74,357724.0
2002-05-17,9.7,9.94,9.55,9.75,325309.0
2002-05-20,9.63,9.63,9.5,9.53,199900.0
2002-05-21,9.75,10.12,9.7,10.09,1238898.0
2002-05-22,10.09,10.09,9.75,9.77,253200.0
2002-05-23,9.85,9.97,9.8,9.82,194090.0
2002-05-24,9.6,9.6,9.3,9.51,240861.0
2002-05-27,9.7,9.7,9.49,9.6,155744.0
2002-05-28,9.55,9.72,9.55,9.63,131900.0
2002-05-29,9.6,9.6,9.32,9.35,363750.0
2002-05-30,9.35,9.44,9.11,9.28,216833.0
2002-05-31,9.34,9.39,9.2,9.24,85800.0
2002-06-03,9.01,9.11,8.88,8.93,232893.0
2002-06-04,8.93,9.09,8.86,9.04,176629.0
2002-06-05,9.06,9.09,8.6,8.66,224000.0
2002-06-06,8.6,9.36,8.5,9.15,340249.0
2002-06-07,9.18,9.45,9.0,9.3,545272.0
2002-06-11,9.22,9.48,9.22,9.35,282059.0
2002-06-12,9.42,9.5,9.12,9.2,169199.0
2002-06-13,9.15,9.23,9.01,9.06,142910.0
2002-06-14,8.92,9.06,8.85,8.87,171900.0
2002-06-17,8.82,8.86,8.7,8.85,151791.0
2002-06-18,8.95,9.19,8.95,9.13,255000.0
2002-06-19,9.15,9.3,9.08,9.12,266580.0
2002-06-20,9.12,9.3,9.12,9.21,140721.0
2002-06-21,9.3,10.05,9.29,9.99,1635621.0
2002-06-24,10.99,10.99,10.55,10.99,3142563.0
2002-06-25,11.18,11.28,10.68,10.77,1960465.0
2002-06-26,10.69,11.0,10.52,10.95,864430.0
2002-06-27,10.9,11.0,10.8,10.84,590828.0
2002-06-28,10.86,10.98,10.5,10.68,682706.0
2002-07-01,10.52,10.67,10.45,10.45,383800.0
2002-07-02,10.25,10.59,10.25,10.57,280978.0
2002-07-03,10.62,10.62,10.4,10.46,296568.0
2002-07-04,10.58,10.59,10.3,10.33,303339.0
2002-07-05,10.32,10.48,10.28,10.47,110137.0
2002-07-08,10.47,10.55,10.35,10.55,218118.0
2002-07-09,10.55,10.57,10.4,10.5,243598.0
2002-07-10,10.55,10.58,10.31,10.32,254500.0
2002-07-11,10.3,10.39,10.25,10.27,208775.0
2002-07-12,10.2,10.29,10.17,10.24,222940.0
2002-07-15,10.18,10.19,10.03,10.07,181360.0
2002-07-16,10.23,10.23,10.13,10.15,123143.0
2002-07-17,10.02,10.3,10.02,10.29,222174.0
2002-07-18,10.28,10.35,10.17,10.25,128252.0
2002-07-19,10.22,10.29,10.2,10.25,133479.0
2002-07-22,10.22,10.25,10.08,10.1,133160.0
2002-07-23,10.08,10.16,10.0,10.02,139318.0
2002-07-24,10.1,10.13,10.01,10.04,123854.0
2002-07-25,10.1,10.1,10.0,10.03,94713.0
2002-07-26,10.12,10.12,9.95,9.98,104354.0
2002-07-29,10.0,10.12,10.0,10.1,104796.0
2002-07-30,10.15,10.15,9.9,10.0,380558.0
2002-07-31,10.01,10.01,9.78,9.8,208973.0
2002-08-01,9.8,9.88,9.68,9.88,150192.0
2002-08-02,9.89,9.95,9.7,9.93,80165.0
2002-08-05,9.81,9.97,9.81,9.9,65900.0
2002-08-06,9.85,10.07,9.82,10.01,148951.0
2002-08-07,10.01,10.11,9.96,10.11,149253.0
2002-08-08,10.13,10.16,9.98,10.0,59720.0
2002-08-09,9.88,10.0,9.65,9.98,90800.0
2002-08-12,9.85,10.1,9.85,9.98,106150.0
2002-08-13,9.95,9.98,9.9,9.95,48550.0
2002-08-14,9.96,10.08,9.9,9.97,91900.0
2002-08-15,9.97,9.99,9.86,9.9,102987.0
2002-08-16,9.8,10.05,9.7,9.87,190010.0
2002-08-20,9.78,10.03,9.74,10.0,241047.0
2002-08-21,10.01,10.08,9.87,10.0,144392.0
2002-08-22,9.96,10.2,9.96,10.1,574607.0
2002-08-23,10.1,10.15,10.04,10.08,114737.0
2002-08-26,10.01,10.02,9.88,9.91,119300.0
2002-08-27,9.9,10.19,9.9,10.14,267390.0
2002-08-28,10.17,10.32,10.14,10.28,544985.0
2002-08-29,10.32,10.32,10.09,10.09,252450.0
2002-08-30,10.07,10.16,10.05,10.12,130303.0
2002-09-02,10.12,10.27,10.12,10.2,108201.0
2002-09-03,10.22,10.25,10.13,10.15,344920.0
2002-09-04,10.15,10.15,10.07,10.08,120152.0
2002-09-05,10.02,10.05,9.78,9.82,294071.0
2002-09-06,9.8,9.9,9.71,9.71,163623.0
2002-09-09,9.7,9.8,9.64,9.7,117359.0
2002-09-10,9.65,9.8,9.65,9.7,81043.0
2002-09-11,9.72,9.8,9.7,9.78,133437.0
2002-09-12,9.78,9.83,9.75,9.8,70573.0
2002-09-13,9.75,9.8,9.7,9.72,58200.0
2002-09-16,9.61,9.66,9.47,9.5,218542.0
2002-09-17,9.6,9.6,9.33,9.43,165162.0
2002-09-18,9.34,9.48,9.3,9.46,131900.0
2002-09-19,9.46,9.6,9.28,9.59,156420.0
2002-09-20,9.59,9.63,9.35,9.4,100380.0
2002-09-23,9.41,9.44,9.32,9.37,45350.0
2002-09-24,9.32,9.43,9.32,9.35,69475.0
2002-09-25,9.31,9.4,9.26,9.3,147963.0
2002-09-26,9.26,9.35,9.17,9.19,182400.0
2002-09-27,9.2,9.2,9.02,9.11,135297.0
2002-10-08,9.01,9.08,8.98,9.0,129800.0
2002-10-09,9.01,9.03,8.9,8.95,99700.0
2002-10-10,8.98,9.02,8.89,8.97,57600.0
2002-10-11,9.0,9.06,8.92,8.93,98800.0
2002-10-14,8.96,9.11,8.87,9.01,73860.0
2002-10-15,9.03,9.19,9.01,9.16,153240.0
2002-10-16,9.16,9.38,9.16,9.31,317153.0
2002-10-17,9.31,9.31,9.1,9.13,149800.0
2002-10-18,9.04,9.2,8.96,9.15,153246.0
2002-10-21,9.03,9.19,9.01,9.16,36400.0
2002-10-22,9.13,9.33,9.13,9.3,133382.0
2002-10-23,9.25,9.3,9.16,9.22,95475.0
2002-10-24,9.25,9.36,9.18,9.28,108400.0
2002-10-25,9.28,9.28,9.02,9.04,70400.0
2002-10-28,9.03,9.25,8.76,8.8,171800.0
2002-10-29,8.8,8.8,8.49,8.67,193398.0
2002-10-30,8.62,8.69,8.56,8.66,95810.0
2002-10-31,8.66,8.72,8.5,8.62,113100.0
2002-11-01,8.65,8.65,8.51,8.64,44750.0
2002-11-04,8.76,8.81,8.66,8.79,103745.0
2002-11-05,8.82,8.99,8.76,8.96,157022.0
2002-11-06,8.91,8.93,8.78,8.84,298463.0
2002-11-07,8.8,9.04,8.65,9.03,898787.0
2002-11-08,8.98,9.03,8.66,8.68,335830.0
2002-11-11,8.66,8.79,8.51,8.54,155150.0
2002-11-12,8.54,8.67,8.15,8.18,234174.0
2002-11-13,8.08,8.25,8.06,8.21,218032.0
2002-11-14,8.18,8.18,7.88,7.89,275997.0
2002-11-15,7.88,8.11,7.8,7.85,271140.0
2002-11-18,8.0,8.0,7.83,7.89,102110.0
2002-11-19,7.9,8.07,7.89,8.0,236868.0
2002-11-20,8.0,8.0,7.65,7.65,181900.0
2002-11-21,7.6,7.65,7.4,7.42,225731.0
2002-11-22,7.42,7.6,7.35,7.48,278888.0
2002-11-25,7.49,7.59,7.41,7.5,135773.0
2002-11-26,7.5,7.63,7.2,7.22,140400.0
2002-11-27,7.17,7.29,7.08,7.2,214393.0
2002-11-28,7.22,7.44,7.16,7.43,232347.0
2002-11-29,7.49,7.74,7.4,7.58,618851.0
2002-12-02,7.41,7.58,7.3,7.3,218600.0
2002-12-03,7.31,7.45,7.28,7.42,258330.0
2002-12-04,7.42,7.65,7.42,7.46,203596.0
2002-12-05,7.4,7.45,7.28,7.39,122200.0
2002-12-06,7.52,7.52,7.35,7.38,58261.0
2002-12-09,7.37,7.43,7.3,7.34,59040.0
2002-12-10,7.34,7.5,7.2,7.22,151951.0
2002-12-11,7.22,7.22,7.0,7.09,199044.0
2002-12-12,7.1,7.23,7.1,7.12,94948.0
2002-12-13,7.12,7.4,7.04,7.38,255613.0
2002-12-16,7.35,7.58,7.25,7.5,284967.0
2002-12-17,7.5,7.67,7.38,7.57,209510.0
2002-12-18,7.58,7.96,7.58,7.7,922528.0
2002-12-20,7.8,7.85,7.72,7.8,476021.0
2002-12-23,7.8,7.88,7.73,7.75,301000.0
2002-12-24,7.75,7.75,7.6,7.7,211331.0
2002-12-25,7.72,7.74,7.6,7.6,167602.0
2002-12-26,7.58,7.6,7.3,7.32,278350.0
2002-12-27,7.21,7.4,7.13,7.25,315698.0
2002-12-31,7.15,7.21,7.03,7.09,238300.0
2003-01-02,7.12,7.15,6.9,6.94,232300.0
2003-01-03,6.9,7.08,6.9,7.06,165681.0
2003-01-06,7.05,7.26,6.95,7.22,108204.0
2003-01-07,7.1,7.34,7.1,7.26,181962.0
2003-01-08,7.26,7.45,7.18,7.4,212199.0
2003-01-09,7.4,7.58,7.36,7.53,381867.0
2003-01-10,7.53,7.6,7.34,7.4,299389.0
2003-01-13,7.38,7.42,7.31,7.38,137925.0
2003-01-14,7.4,7.8,7.37,7.71,730241.0
2003-01-15,7.85,7.85,7.57,7.67,473455.0
2003-01-16,7.61,7.89,7.6,7.89,536728.0
2003-01-17,7.9,7.98,7.72,7.81,677607.0
2003-01-20,7.8,7.84,7.7,7.78,265081.0
2003-01-21,7.85,7.9,7.68,7.68,294349.0
2003-01-22,7.75,8.03,7.65,7.99,532615.0
2003-01-23,7.99,7.99,7.7,7.71,337140.0
2003-01-24,7.64,7.85,7.64,7.83,174622.0
2003-01-27,7.51,8.15,7.51,8.1,763874.0
2003-01-28,8.08,8.09,7.95,8.05,231330.0
2003-01-29,8.03,8.12,7.95,7.96,292470.0
2003-02-10,7.95,7.95,7.73,7.82,269258.0
2003-02-11,7.82,7.91,7.81,7.9,99151.0
2003-02-12,7.91,8.38,7.9,8.22,729529.0
2003-02-13,8.22,8.22,8.08,8.1,317840.0
2003-02-14,8.06,8.22,8.06,8.16,186252.0
2003-02-17,8.16,8.24,8.04,8.1,232914.0
2003-02-18,8.11,8.12,8.02,8.06,162686.0
2003-02-19,8.06,8.15,8.01,8.13,218110.0
2003-02-20,8.1,8.2,8.1,8.15,177832.0
2003-02-25,7.95,8.25,7.95,8.24,585562.0
2003-02-26,8.22,8.25,8.11,8.24,282946.0
2003-02-27,8.24,8.3,8.16,8.25,295640.0
2003-02-28,8.25,8.43,8.25,8.4,945195.0
2003-03-03,8.39,8.42,8.33,8.42,330208.0
2003-03-04,8.42,8.46,8.35,8.42,267788.0
2003-03-05,8.4,8.4,8.21,8.23,313475.0
2003-03-06,8.24,8.31,8.04,8.06,257496.0
2003-03-07,8.1,8.15,7.99,8.0,275900.0
2003-03-10,8.0,8.04,7.7,7.73,357820.0
2003-03-11,7.73,7.83,7.73,7.78,133347.0
2003-03-12,7.78,7.82,7.68,7.8,156743.0
2003-03-13,7.77,7.84,7.73,7.73,102099.0
2003-03-14,7.75,7.85,7.7,7.8,144424.0
2003-03-17,7.7,7.8,7.6,7.75,121466.0
2003-03-18,7.79,7.82,7.62,7.63,123798.0
2003-03-19,7.63,7.7,7.6,7.62,116300.0
2003-03-20,7.6,7.72,7.56,7.63,149353.0
2003-03-21,7.7,7.95,7.7,7.82,349591.0
2003-03-24,7.9,7.91,7.79,7.83,115952.0
2003-03-25,7.8,7.8,7.61,7.63,140100.0
2003-03-26,7.7,7.7,7.57,7.65,69218.0
2003-03-27,7.62,7.88,7.54,7.76,190881.0
2003-03-28,7.78,7.87,7.7,7.75,158700.0
2003-03-31,7.73,7.79,7.66,7.78,120779.0
2003-04-01,7.8,7.89,7.78,7.86,253334.0
2003-04-02,7.86,7.86,7.77,7.8,127000.0
2003-04-03,7.8,7.8,7.68,7.68,134707.0
2003-04-04,7.68,7.75,7.65,7.69,150766.0
2003-04-07,7.69,7.75,7.54,7.55,249716.0
2003-04-10,7.17,7.17,7.17,7.17,427800.0
2003-04-11,6.81,7.09,6.81,6.91,3705885.0
2003-04-14,6.84,7.26,6.77,7.14,2702726.0
2003-04-15,7.15,7.35,7.1,7.29,1289109.0
2003-04-16,7.29,7.3,6.98,6.99,1975566.0
2003-04-17,6.99,7.07,6.95,7.0,907008.0
2003-04-18,7.04,7.15,6.99,7.07,792039.0
2003-04-21,7.07,7.25,7.02,7.21,1146846.0
2003-04-22,7.21,7.57,7.15,7.21,2325874.0
2003-04-23,7.22,7.29,6.99,7.03,1992917.0
2003-04-24,7.0,7.09,6.88,6.89,574177.0
2003-04-25,6.86,7.09,6.82,6.9,585550.0
2003-04-28,6.93,6.94,6.56,6.92,1678426.0
2003-04-29,7.1,7.25,6.9,6.95,1069450.0
2003-04-30,6.95,6.95,6.6,6.6,1286400.0
2003-05-13,6.75,6.76,6.27,6.27,1253200.0
2003-05-14,6.12,6.54,6.03,6.36,1010058.0
2003-05-15,6.35,6.46,6.18,6.39,788909.0
2003-05-16,6.46,6.49,6.36,6.41,526549.0
2003-05-19,6.4,6.6,6.34,6.53,742686.0
2003-05-20,6.58,6.66,6.42,6.58,664165.0
2003-05-21,6.61,6.65,6.49,6.65,547050.0
2003-05-22,6.67,6.85,6.62,6.8,1087341.0
2003-05-23,6.78,6.86,6.71,6.76,910741.0
2003-05-26,6.78,6.98,6.78,6.88,770049.0
2003-05-27,6.94,7.05,6.84,7.02,933891.0
2003-05-28,7.09,7.33,7.03,7.18,1826340.0
2003-05-29,7.2,7.21,7.0,7.12,1385406.0
2003-05-30,7.21,7.36,7.12,7.29,1294543.0
2003-06-02,7.35,7.65,7.34,7.65,1913423.0
2003-06-03,8.03,8.03,7.93,8.03,2376653.0
2003-06-04,8.09,8.11,7.63,7.63,2603410.0
2003-06-05,7.49,7.57,7.29,7.33,1747512.0
2003-06-06,7.3,7.45,7.18,7.21,898572.0
2003-06-09,7.21,7.33,7.02,7.05,885130.0
2003-06-10,7.06,7.4,7.03,7.4,1033646.0
2003-06-11,7.4,7.5,7.31,7.41,1009998.0
2003-06-12,7.43,7.62,7.43,7.56,1007917.0
2003-06-13,7.65,7.66,7.5,7.56,576599.0
2003-06-16,7.55,7.6,7.23,7.28,858859.0
2003-06-17,7.28,7.39,7.03,7.26,658257.0
2003-06-18,7.3,7.37,7.17,7.17,452100.0
2003-06-19,7.2,7.25,7.08,7.11,422472.0
2003-06-20,7.12,7.34,7.12,7.15,364885.0
2003-06-23,7.14,7.22,6.79,6.79,1010917.0
2003-06-24,6.85,6.93,6.72,6.85,470493.0
2003-06-25,6.83,6.95,6.74,6.77,412900.0
2003-06-26,6.8,6.89,6.74,6.77,446150.0
2003-06-27,6.77,6.95,6.77,6.82,226600.0
2003-07-01,6.75,6.77,6.55,6.6,300533.0
2003-07-02,6.61,6.93,6.5,6.88,431059.0
2003-07-03,6.92,7.07,6.81,7.0,602389.0
2003-07-04,7.01,7.01,6.84,6.84,159400.0
2003-07-07,6.86,6.86,6.68,6.69,193860.0
2003-07-08,6.71,6.84,6.71,6.8,208000.0
2003-07-09,6.72,6.82,6.68,6.72,121610.0
2003-07-10,6.85,6.85,6.6,6.73,254977.0
2003-07-11,6.73,6.74,6.63,6.67,302000.0
2003-07-14,6.7,6.74,6.64,6.66,149893.0
2003-07-15,6.66,6.74,6.62,6.65,128843.0
2003-07-16,6.65,6.76,6.62,6.69,166712.0
2003-07-17,6.7,6.71,6.65,6.68,206780.0
2003-07-18,6.69,6.78,6.36,6.37,314135.0
2003-07-21,6.4,6.41,6.1,6.17,339000.0
2003-07-22,6.17,6.37,6.17,6.24,337794.0
2003-07-23,6.23,6.33,6.23,6.31,158200.0
2003-07-24,6.42,6.45,6.35,6.39,251309.0
2003-07-25,6.49,6.49,6.25,6.25,146830.0
2003-07-28,6.25,6.3,6.16,6.19,147750.0
2003-07-29,6.2,6.3,6.18,6.22,178506.0
2003-07-30,6.27,6.39,6.23,6.29,125130.0
2003-07-31,6.23,6.4,6.18,6.19,322450.0
2003-08-01,6.27,6.27,6.05,6.1,270580.0
2003-08-04,6.08,6.18,6.05,6.14,222019.0
2003-08-05,6.19,6.24,6.11,6.19,238400.0
2003-08-06,6.17,6.26,6.17,6.22,163200.0
2003-08-07,6.2,6.29,6.19,6.25,158399.0
2003-08-08,6.25,6.37,6.23,6.27,343051.0
2003-08-11,6.25,6.4,6.25,6.35,274836.0
2003-08-12,6.35,6.45,6.31,6.43,325100.0
2003-08-13,6.39,6.44,6.2,6.23,197930.0
2003-08-14,6.23,6.34,6.18,6.18,192170.0
2003-08-15,6.17,6.24,6.13,6.15,142590.0
2003-08-18,6.13,6.27,6.13,6.23,187905.0
2003-08-19,6.34,6.54,6.25,6.43,597393.0
2003-08-20,6.35,6.45,6.22,6.29,315429.0
2003-08-21,6.25,6.29,6.21,6.23,97800.0
2003-08-22,6.23,6.29,6.2,6.26,150000.0
2003-08-25,6.26,6.26,6.13,6.16,170142.0
2003-08-26,6.3,6.35,6.16,6.23,202950.0
2003-08-27,6.2,6.4,6.2,6.3,353291.0
2003-08-28,6.33,6.33,6.12,6.13,132300.0
2003-08-29,6.28,6.39,6.15,6.2,149300.0
2003-09-01,6.2,6.27,6.13,6.26,237932.0
2003-09-02,6.32,6.33,6.15,6.24,225526.0
2003-09-03,6.25,6.35,6.25,6.35,306371.0
2003-09-04,6.36,6.44,6.29,6.32,175000.0
2003-09-05,6.32,6.34,6.14,6.16,191830.0
2003-09-08,6.16,6.2,6.07,6.07,231300.0
2003-09-09,6.05,6.16,6.05,6.07,143765.0
2003-09-10,6.09,6.14,6.07,6.08,72200.0
2003-09-11,6.08,6.2,6.07,6.1,177100.0
2003-09-12,6.08,6.12,5.8,5.81,306985.0
2003-09-15,5.8,5.89,5.67,5.7,267600.0
2003-09-16,5.7,5.84,5.7,5.78,170600.0
2003-09-17,5.75,5.8,5.67,5.67,168700.0
2003-09-18,5.68,5.75,5.6,5.63,194813.0
2003-09-19,5.64,5.79,5.64,5.74,241261.0
2003-09-22,5.72,5.79,5.71,5.77,149370.0
2003-09-23,5.8,5.9,5.75,5.86,158467.0
2003-09-24,5.77,5.92,5.77,5.87,107579.0
2003-09-25,5.88,5.88,5.71,5.72,105300.0
2003-09-26,5.76,5.83,5.66,5.7,140280.0
2003-09-29,5.68,5.76,5.51,5.54,108500.0
2003-09-30,5.8,5.8,5.56,5.62,107370.0
2003-10-08,5.65,5.75,5.56,5.6,62706.0
2003-10-09,5.63,5.7,5.6,5.61,52900.0
2003-10-10,5.75,5.89,5.62,5.8,185094.0
2003-10-13,5.84,5.9,5.76,5.84,131058.0
2003-10-14,5.84,5.9,5.8,5.82,232848.0
2003-10-15,5.82,5.94,5.78,5.78,164250.0
2003-10-16,5.82,5.85,5.6,5.66,98500.0
2003-10-17,5.66,5.74,5.6,5.65,78927.0
2003-10-20,5.61,5.7,5.58,5.62,52800.0
2003-10-21,5.67,5.67,5.5,5.52,71900.0
2003-10-22,5.55,5.68,5.52,5.58,238958.0
2003-10-23,5.63,5.71,5.58,5.6,113700.0
2003-10-24,5.6,5.65,5.32,5.32,278200.0
2003-10-27,5.21,5.21,5.05,5.08,668102.0
2003-10-28,5.33,5.33,5.33,5.33,161800.0
2003-10-29,5.41,5.58,5.28,5.36,968959.0
2003-10-30,5.33,5.33,5.1,5.17,217800.0
2003-10-31,5.11,5.36,5.11,5.28,278503.0
2003-11-03,5.25,5.25,5.03,5.22,229530.0
2003-11-04,5.18,5.3,5.15,5.28,412744.0
2003-11-05,5.26,5.27,5.14,5.19,222670.0
2003-11-06,5.1,5.12,4.93,4.93,898558.0
2003-11-07,4.82,4.83,4.68,4.81,429746.0
2003-11-10,4.8,4.82,4.65,4.8,175620.0
2003-11-11,4.78,4.82,4.68,4.81,195568.0
2003-11-12,4.82,4.91,4.76,4.79,211400.0
2003-11-13,4.78,4.96,4.68,4.95,332392.0
2003-11-14,5.02,5.16,4.97,5.0,541693.0
2003-11-17,5.0,5.0,4.81,4.86,228221.0
2003-11-18,4.83,4.87,4.7,4.77,155350.0
2003-11-19,4.72,4.91,4.72,4.84,152339.0
2003-11-20,4.85,5.0,4.83,4.99,469571.0
2003-11-21,5.0,5.07,4.91,5.0,503597.0
2003-11-24,5.0,5.13,4.98,5.11,399822.0
2003-11-25,5.11,5.23,5.06,5.17,588469.0
2003-11-26,5.13,5.19,5.08,5.14,356108.0
2003-11-27,5.15,5.15,4.99,4.99,359000.0
2003-11-28,4.98,5.03,4.93,4.98,267828.0
2003-12-01,4.97,5.11,4.97,5.1,278707.0
2003-12-02,5.1,5.25,5.1,5.2,467617.0
2003-12-03,5.2,5.23,5.11,5.13,319430.0
2003-12-04,5.15,5.15,5.06,5.12,271000.0
2003-12-05,5.15,5.21,5.1,5.2,331728.0
2003-12-08,5.18,5.37,5.12,5.35,1272250.0
2003-12-09,5.39,5.56,5.35,5.41,2355906.0
2003-12-10,5.38,5.43,5.3,5.38,611771.0
2003-12-11,5.35,5.53,5.35,5.44,489891.0
2003-12-12,5.43,5.52,5.37,5.38,411916.0
2003-12-15,5.4,5.4,5.34,5.39,287100.0
2003-12-16,5.39,5.48,5.27,5.31,517300.0
2003-12-17,5.27,5.33,5.23,5.25,440810.0
2003-12-18,5.31,5.33,5.01,5.09,631883.0
2003-12-19,5.05,5.08,4.84,4.84,847800.0
2003-12-22,4.75,4.94,4.65,4.93,521525.0
2003-12-23,4.9,4.94,4.76,4.9,539500.0
2003-12-24,4.9,4.98,4.83,4.91,386596.0
2003-12-25,4.92,4.96,4.86,4.9,311030.0
2003-12-26,4.95,5.03,4.83,5.02,576507.0
2003-12-29,5.02,5.05,4.9,4.9,283400.0
2003-12-30,4.9,5.0,4.84,4.92,279425.0
2003-12-31,4.91,4.98,4.83,4.93,338386.0
2004-01-02,4.96,4.99,4.85,4.92,211600.0
2004-01-05,4.9,4.92,4.76,4.79,530300.0
2004-01-06,4.78,4.89,4.71,4.83,442779.0
2004-01-07,4.81,4.85,4.73,4.75,525980.0
2004-01-08,4.74,4.86,4.7,4.85,473198.0
2004-01-09,4.88,4.99,4.86,4.91,543352.0
2004-01-12,4.9,4.98,4.85,4.98,344382.0
2004-01-13,5.23,5.23,5.16,5.23,1042396.0
2004-01-14,5.27,5.28,5.16,5.16,1082494.0
2004-01-15,5.17,5.18,5.09,5.11,497799.0
2004-01-16,5.1,5.15,5.07,5.1,531060.0
2004-01-29,5.1,5.25,5.1,5.23,327060.0
2004-01-30,5.25,5.3,5.18,5.29,488141.0
2004-02-02,5.32,5.45,5.23,5.4,847925.0
2004-02-03,5.2,5.6,5.2,5.57,898534.0
2004-02-04,5.6,5.77,5.58,5.76,884809.0
2004-02-05,5.78,6.05,5.7,6.04,1334873.0
2004-02-06,6.06,6.15,5.74,5.74,1989602.0
2004-02-09,5.69,5.83,5.5,5.77,1040395.0
2004-02-10,5.75,5.89,5.75,5.8,824408.0
2004-02-11,5.8,5.95,5.7,5.94,890660.0
2004-02-13,6.24,6.24,5.94,5.95,2945788.0
2004-02-16,5.91,6.08,5.85,6.06,813970.0
2004-02-17,6.06,6.1,5.99,6.08,738024.0
2004-02-18,6.07,6.21,6.02,6.12,1104256.0
2004-02-19,6.12,6.14,6.06,6.08,694451.0
2004-02-20,6.15,6.15,6.07,6.12,872030.0
2004-02-23,6.12,6.33,6.01,6.28,2187079.0
2004-02-24,6.28,6.3,5.97,6.06,1685980.0
2004-02-25,6.07,6.2,5.83,5.85,1350580.0
2004-02-26,5.86,5.89,5.7,5.75,991143.0
2004-02-27,5.77,5.96,5.71,5.9,630619.0
2004-03-01,5.9,6.15,5.86,5.99,475248.0
2004-03-02,5.95,6.0,5.92,5.99,358157.0
2004-03-03,5.94,6.05,5.88,5.94,504080.0
2004-03-04,5.96,5.98,5.8,5.98,435200.0
2004-03-05,5.81,6.03,5.81,5.97,453099.0
2004-03-08,5.97,5.99,5.77,5.79,355800.0
2004-03-09,5.8,5.82,5.71,5.78,312428.0
2004-03-10,5.78,6.01,5.75,5.99,613678.0
2004-03-11,5.99,6.02,5.9,6.0,430780.0
2004-03-12,6.0,6.0,5.9,5.93,259856.0
2004-03-16,5.96,6.05,5.93,6.02,669054.0
2004-03-17,6.09,6.09,5.96,6.0,331800.0
2004-03-18,5.99,6.0,5.82,5.86,531060.0
2004-03-19,5.85,6.05,5.85,5.96,376228.0
2004-03-22,5.97,5.97,5.87,5.95,412323.0
2004-03-23,5.99,6.11,5.95,6.09,1270091.0
2004-03-24,6.09,6.11,5.97,6.0,531326.0
2004-03-25,6.3,6.3,6.05,6.05,1336150.0
2004-03-26,6.05,6.08,5.91,6.01,652406.0
2004-03-29,6.0,6.1,5.97,6.05,590653.0
2004-03-30,6.03,6.09,5.98,6.0,305208.0
2004-03-31,6.0,6.21,6.0,6.17,979577.0
2004-04-01,6.17,6.27,6.15,6.21,696263.0
2004-04-02,6.25,6.51,6.21,6.39,1544961.0
2004-04-05,6.35,6.53,6.35,6.47,1223736.0
2004-04-06,6.45,6.48,6.35,6.42,777100.0
2004-04-07,6.4,6.47,6.31,6.32,697950.0
2004-04-08,6.3,6.5,6.3,6.44,699730.0
2004-04-09,6.47,6.48,6.12,6.13,1036034.0
2004-04-12,6.13,6.25,6.12,6.19,500753.0
2004-04-13,6.17,6.25,6.02,6.17,891313.0
2004-04-14,6.24,6.35,6.07,6.14,938581.0
2004-04-15,6.09,6.22,5.83,5.83,906140.0
2004-04-16,5.82,5.9,5.54,5.73,885544.0
2004-04-20,5.7,5.7,5.58,5.65,382856.0
2004-04-21,5.61,5.73,5.58,5.65,233947.0
2004-04-22,5.65,5.7,5.62,5.67,198085.0
2004-04-23,5.67,5.67,5.48,5.49,347000.0
2004-04-26,5.5,5.53,5.4,5.44,257739.0
2004-04-27,5.46,5.46,5.18,5.2,382198.0
2004-04-28,5.2,5.36,5.17,5.29,353769.0
2004-04-29,5.27,5.32,5.12,5.14,242800.0
2004-04-30,5.13,5.25,5.13,5.24,332681.0
2004-05-10,5.2,5.26,5.18,5.2,126900.0
2004-05-11,5.2,5.25,5.16,5.23,165800.0
2004-05-12,5.25,5.35,5.2,5.34,350531.0
2004-05-13,5.35,5.4,5.29,5.38,221428.0
2004-05-14,5.39,5.39,5.17,5.25,134631.0
2004-05-17,5.28,5.28,5.21,5.22,90100.0
2004-05-18,5.25,5.33,5.2,5.29,89019.0
2004-05-19,5.39,5.45,5.3,5.35,179100.0
2004-05-20,5.3,5.39,5.26,5.27,90430.0
2004-05-21,5.28,5.3,5.23,5.29,90409.0
2004-05-24,5.28,5.3,5.21,5.24,128900.0
2004-05-25,5.2,5.26,4.98,4.98,326300.0
2004-05-26,4.8,4.97,4.8,4.95,125200.0
2004-05-27,4.95,5.13,4.9,5.09,279513.0
2004-05-28,5.05,5.12,5.03,5.08,85178.0
2004-05-31,5.01,5.09,5.01,5.05,50300.0
2004-06-01,5.07,5.17,5.02,5.15,157600.0
2004-06-02,5.12,5.18,5.04,5.06,201350.0
2004-06-03,5.04,5.1,4.95,4.98,361300.0
2004-06-04,4.95,5.15,4.92,5.06,126800.0
2004-06-07,5.0,5.05,4.89,4.95,127300.0
2004-06-08,4.9,4.94,4.7,4.79,445242.0
2004-06-09,4.76,4.85,4.68,4.69,207450.0
2004-06-10,4.71,4.72,4.6,4.63,440893.0
2004-06-11,4.65,4.75,4.65,4.67,120550.0
2004-06-14,4.63,4.63,4.44,4.44,319100.0
2004-06-15,4.44,4.55,4.42,4.53,159517.0
2004-06-16,4.54,4.58,4.43,4.52,186000.0
2004-06-17,4.51,4.56,4.38,4.39,203400.0
2004-06-18,4.4,4.49,4.34,4.46,149300.0
2004-06-21,4.38,4.53,4.38,4.48,122230.0
2004-06-22,4.44,4.58,4.44,4.58,201293.0
2004-06-23,4.51,4.54,4.46,4.5,103951.0
2004-06-24,4.49,4.54,4.44,4.45,126900.0
2004-06-25,4.43,4.54,4.23,4.32,379690.0
2004-06-28,4.3,4.34,4.2,4.33,157069.0
2004-06-29,4.3,4.38,4.23,4.37,159403.0
2004-06-30,4.29,4.41,4.25,4.35,140990.0
2004-07-01,4.29,4.48,4.29,4.48,213708.0
2004-07-02,4.57,4.57,4.42,4.51,143066.0
2004-07-05,4.47,4.47,4.38,4.42,109900.0
2004-07-06,4.46,4.58,4.44,4.54,171151.0
2004-07-07,4.49,4.57,4.43,4.44,110350.0
2004-07-08,4.4,4.45,4.3,4.43,103247.0
2004-07-09,4.42,4.45,4.36,4.37,70601.0
2004-07-12,4.48,4.48,4.22,4.22,111880.0
2004-07-13,4.25,4.3,4.2,4.24,82500.0
2004-07-14,4.24,4.32,4.05,4.11,225770.0
2004-07-15,4.1,4.17,4.06,4.13,227358.0
2004-07-16,4.14,4.27,4.1,4.23,383487.0
2004-07-19,4.23,4.29,4.2,4.24,210095.0
2004-07-20,4.23,4.24,4.16,4.18,173087.0
2004-07-21,4.16,4.22,4.14,4.2,141820.0
2004-07-22,4.26,4.29,4.12,4.13,284700.0
2004-07-23,4.1,4.14,4.05,4.12,145764.0
2004-07-26,4.08,4.09,3.91,3.91,343299.0
2004-07-27,3.92,3.96,3.72,3.83,291800.0
2004-07-28,3.85,3.93,3.82,3.91,121100.0
2004-07-29,3.87,3.98,3.85,3.96,115050.0
2004-07-30,3.94,4.07,3.94,3.96,311507.0
2004-08-02,4.0,4.01,3.93,3.94,211491.0
2004-08-03,3.96,3.99,3.9,3.95,103800.0
2004-08-04,4.09,4.09,3.95,4.05,202912.0
2004-08-05,4.0,4.04,3.91,4.0,164580.0
2004-08-06,4.04,4.14,3.95,4.02,137841.0
2004-08-09,4.05,4.14,4.0,4.02,65000.0
2004-08-10,4.02,4.05,3.96,4.03,76200.0
2004-08-11,4.0,4.0,3.93,3.98,112804.0
2004-08-12,3.95,3.95,3.83,3.85,125091.0
2004-08-13,3.82,3.92,3.82,3.83,80400.0
2004-08-16,3.83,3.89,3.65,3.7,167900.0
2004-08-17,3.7,3.76,3.62,3.67,105801.0
2004-08-18,3.73,3.73,3.65,3.71,101311.0
2004-08-19,3.73,3.77,3.56,3.58,122167.0
2004-08-20,3.58,3.6,3.4,3.56,186087.0
2004-08-23,3.49,3.6,3.49,3.58,99821.0
2004-08-24,3.51,3.7,3.51,3.68,188561.0
2004-08-25,3.68,3.7,3.62,3.66,107900.0
2004-08-26,3.62,3.64,3.55,3.62,93608.0
2004-08-27,3.64,3.64,3.55,3.58,100599.0
2004-08-30,3.5,3.62,3.5,3.6,87400.0
2004-08-31,3.77,3.77,3.62,3.69,168517.0
2004-09-01,3.7,3.75,3.66,3.67,94800.0
2004-09-02,3.68,3.73,3.63,3.73,108680.0
2004-09-03,3.74,3.83,3.71,3.82,256996.0
2004-09-06,3.75,3.8,3.73,3.77,82205.0
2004-09-07,3.77,3.78,3.72,3.77,94300.0
2004-09-08,3.74,3.77,3.69,3.76,105513.0
2004-09-09,3.7,3.72,3.61,3.65,106750.0
2004-09-10,3.63,3.68,3.57,3.66,81407.0
2004-09-13,3.63,3.67,3.6,3.64,96080.0
2004-09-14,3.67,3.76,3.63,3.73,283030.0
2004-09-15,3.74,3.92,3.73,3.92,830552.0
2004-09-16,3.91,3.99,3.87,3.95,299751.0
2004-09-17,3.99,4.05,3.9,4.04,617576.0
2004-09-20,4.07,4.17,4.02,4.17,843734.0
2004-09-21,4.17,4.32,4.13,4.13,761950.0
2004-09-22,4.11,4.11,3.99,4.01,770800.0
2004-09-23,4.0,4.19,3.97,4.12,403902.0
2004-09-24,4.18,4.19,3.98,4.02,667758.0
2004-09-27,4.0,4.18,3.91,3.95,277467.0
2004-09-28,3.95,3.96,3.84,3.94,247640.0
2004-09-29,3.92,3.96,3.87,3.9,152901.0
2004-09-30,3.96,4.1,3.96,4.03,984300.0
2004-10-08,4.05,4.18,4.05,4.17,972696.0
2004-10-11,4.12,4.27,4.12,4.26,1224250.0
2004-10-13,4.19,4.19,4.05,4.05,1254633.0
2004-10-14,3.99,4.0,3.85,3.85,885006.0
2004-10-15,3.73,3.8,3.67,3.78,392614.0
2004-10-18,3.78,3.84,3.69,3.77,211429.0
2004-10-19,3.77,3.85,3.71,3.71,390117.0
2004-10-20,3.7,3.72,3.56,3.59,296920.0
2004-10-22,3.42,3.5,3.41,3.43,788570.0
2004-10-25,3.36,3.46,3.27,3.34,397500.0
2004-10-26,3.28,3.31,3.17,3.3,591790.0
2004-10-27,3.3,3.45,3.25,3.43,322600.0
2004-10-28,3.43,3.54,3.36,3.49,648470.0
2004-10-29,3.36,3.44,3.32,3.43,274500.0
2004-11-01,3.42,3.43,3.35,3.38,124980.0
2004-11-02,3.38,3.4,3.32,3.38,112700.0
2004-11-03,3.39,3.46,3.38,3.45,229015.0
2004-11-04,3.48,3.48,3.37,3.39,176300.0
2004-11-05,3.39,3.42,3.34,3.36,146100.0
2004-11-08,3.36,3.41,3.34,3.36,120950.0
2004-11-09,3.34,3.42,3.34,3.38,179600.0
2004-11-10,3.38,3.5,3.37,3.48,351310.0
2004-11-11,3.52,3.54,3.45,3.47,493173.0
2004-11-12,3.47,3.52,3.44,3.47,211316.0
2004-11-15,3.5,3.51,3.47,3.5,288250.0
2004-11-16,3.5,3.56,3.49,3.52,271403.0
2004-11-17,3.5,3.54,3.44,3.49,170912.0
2004-11-18,3.51,3.52,3.42,3.51,235755.0
2004-11-19,3.51,3.58,3.49,3.56,340066.0
2004-11-22,3.56,3.67,3.56,3.65,366752.0
2004-11-23,3.65,3.73,3.62,3.68,422148.0
2004-11-24,3.68,3.71,3.52,3.53,398998.0
2004-11-25,3.5,3.53,3.48,3.53,160200.0
2004-11-26,3.51,3.59,3.51,3.58,179606.0
2004-11-29,3.56,3.62,3.55,3.55,233266.0
2004-11-30,3.55,3.73,3.53,3.69,1031534.0
2004-12-01,3.69,3.7,3.62,3.63,286516.0
2004-12-02,3.63,3.66,3.59,3.62,174205.0
2004-12-03,3.64,3.79,3.63,3.74,469569.0
2004-12-06,3.8,3.8,3.71,3.76,270853.0
2004-12-07,3.82,3.87,3.72,3.72,1037644.0
2004-12-08,3.76,3.83,3.72,3.78,374957.0
2004-12-09,3.8,3.8,3.65,3.68,525288.0
2004-12-10,3.63,3.67,3.56,3.56,216058.0
2004-12-13,3.5,3.57,3.48,3.56,197370.0
2004-12-14,3.53,3.62,3.51,3.6,131433.0
2004-12-15,3.6,3.6,3.48,3.57,170035.0
2004-12-16,3.51,3.51,3.44,3.47,150600.0
2004-12-17,3.45,3.51,3.44,3.46,79500.0
2004-12-20,3.44,3.51,3.41,3.5,214711.0
2004-12-21,3.48,3.55,3.47,3.51,69870.0
2004-12-22,3.5,3.59,3.47,3.59,167030.0
2004-12-23,3.55,3.63,3.53,3.56,81800.0
2004-12-24,3.58,3.58,3.5,3.56,85800.0
2004-12-27,3.58,3.59,3.45,3.46,59500.0
2004-12-28,3.42,3.52,3.41,3.5,124960.0
2004-12-29,3.48,3.52,3.46,3.5,129250.0
2004-12-30,3.47,3.51,3.42,3.5,233840.0
2004-12-31,3.45,3.49,3.44,3.45,89202.0
2005-01-04,3.4,3.43,3.28,3.32,115942.0
2005-01-05,3.37,3.4,3.32,3.4,99644.0
2005-01-06,3.38,3.42,3.35,3.38,89134.0
2005-01-07,3.38,3.44,3.38,3.39,210021.0
2005-01-10,3.38,3.43,3.36,3.42,111100.0
2005-01-11,3.4,3.46,3.4,3.46,216964.0
2005-01-12,3.48,3.49,3.44,3.48,104100.0
2005-01-13,3.5,3.5,3.45,3.46,164896.0
2005-01-14,3.44,3.48,3.39,3.4,156700.0
2005-01-17,3.38,3.43,3.32,3.35,103234.0
2005-01-18,3.31,3.41,3.31,3.4,135550.0
2005-01-19,3.37,3.44,3.36,3.42,111561.0
2005-01-20,3.4,3.43,3.36,3.36,141800.0
2005-01-21,3.36,3.42,3.31,3.41,167776.0
2005-01-24,3.48,3.54,3.45,3.5,273213.0
2005-01-25,3.5,3.55,3.46,3.54,199382.0
2005-01-26,3.53,3.55,3.48,3.49,121100.0
2005-01-27,3.5,3.54,3.4,3.44,248380.0
2005-01-31,3.35,3.35,3.27,3.27,460999.0
2005-02-01,3.27,3.28,3.2,3.2,186800.0
2005-02-02,3.2,3.36,3.19,3.34,248246.0
2005-02-03,3.36,3.36,3.27,3.3,224931.0
2005-02-04,3.23,3.34,3.23,3.33,196501.0
2005-02-16,3.36,3.46,3.34,3.4,238340.0
2005-02-17,3.4,3.44,3.33,3.43,120100.0
2005-02-18,3.38,3.44,3.35,3.36,196335.0
2005-02-21,3.35,3.41,3.35,3.4,106500.0
2005-02-22,3.4,3.49,3.39,3.47,221100.0
2005-02-23,3.5,3.52,3.43,3.48,333250.0
2005-02-24,3.46,3.53,3.46,3.52,248440.0
2005-02-25,3.5,3.7,3.5,3.64,1329822.0
2005-02-28,3.7,3.76,3.65,3.66,1462648.0
2005-03-01,3.64,3.75,3.58,3.65,849243.0
2005-03-02,3.63,3.67,3.55,3.57,433950.0
2005-03-03,3.56,3.62,3.51,3.6,382072.0
2005-03-04,3.6,3.61,3.54,3.57,399079.0
2005-03-07,3.56,3.66,3.55,3.64,326560.0
2005-03-08,3.64,3.66,3.6,3.65,801618.0
2005-03-09,3.65,3.68,3.63,3.67,397226.0
2005-03-10,3.68,3.68,3.53,3.55,459140.0
2005-03-11,3.55,3.73,3.52,3.73,1059277.0
2005-03-14,3.7,3.79,3.68,3.68,1042280.0
2005-03-15,3.63,3.7,3.59,3.59,467300.0
2005-03-16,3.59,3.71,3.58,3.69,371718.0
2005-03-17,3.72,3.72,3.52,3.56,375980.0
2005-03-18,3.53,3.6,3.38,3.4,642910.0
2005-03-21,3.35,3.57,3.35,3.56,373579.0
2005-03-22,3.54,3.66,3.4,3.41,568930.0
2005-03-23,3.24,3.45,3.24,3.3,718675.0
2005-03-24,3.3,3.36,3.26,3.36,195990.0
2005-03-25,3.36,3.36,3.3,3.33,184080.0
2005-03-28,3.32,3.36,3.24,3.28,213718.0
2005-03-29,3.29,3.34,3.29,3.33,185938.0
2005-03-30,3.27,3.32,3.21,3.23,182800.0
2005-03-31,3.2,3.2,3.07,3.17,286280.0
2005-04-01,3.16,3.33,3.07,3.27,284896.0
2005-04-04,3.21,3.31,3.18,3.31,336356.0
2005-04-05,3.26,3.33,3.26,3.29,126976.0
2005-04-07,3.47,3.56,3.37,3.38,1533732.0
2005-04-08,3.3,3.43,3.3,3.4,700294.0
2005-04-11,3.4,3.41,3.32,3.35,537620.0
2005-04-12,3.35,3.35,3.27,3.29,365830.0
2005-04-13,3.25,3.38,3.2,3.34,366500.0
2005-04-14,3.31,3.36,3.26,3.28,192450.0
2005-04-15,3.25,3.25,3.12,3.13,338450.0
2005-04-18,3.13,3.16,3.07,3.16,260529.0
2005-04-19,3.16,3.16,3.08,3.15,242500.0
2005-04-20,3.1,3.11,3.03,3.06,178340.0
2005-04-21,3.08,3.08,2.96,2.98,414750.0
2005-04-22,2.98,2.98,2.72,2.8,408600.0
2005-04-25,2.79,2.79,2.7,2.7,277400.0
2005-04-26,2.66,2.84,2.66,2.8,208494.0
2005-04-27,2.8,2.82,2.7,2.73,167000.0
2005-04-28,2.68,2.85,2.66,2.82,365050.0
2005-04-29,2.75,2.92,2.75,2.83,382700.0
2005-05-09,2.8,2.84,2.68,2.68,194894.0
2005-05-11,2.73,2.79,2.67,2.7,207100.0
2005-05-12,2.7,2.7,2.5,2.65,372650.0
2005-05-13,2.65,2.73,2.64,2.72,277342.0
2005-05-16,2.67,2.73,2.67,2.73,106487.0
2005-05-17,2.74,2.88,2.74,2.8,429499.0
2005-05-18,2.82,2.82,2.75,2.81,167010.0
2005-05-19,2.84,2.84,2.75,2.83,143500.0
2005-05-20,2.84,2.86,2.78,2.8,202222.0
2005-05-23,2.76,2.76,2.52,2.64,284649.0
2005-05-24,2.62,2.75,2.6,2.71,318100.0
2005-05-25,2.85,2.98,2.85,2.95,2527683.0
2005-05-26,2.93,2.93,2.82,2.85,1163574.0
2005-05-27,2.8,2.88,2.79,2.83,312422.0
2005-05-30,2.8,2.89,2.8,2.87,319500.0
2005-05-31,2.83,2.95,2.83,2.89,514359.0
2005-06-01,2.9,2.92,2.79,2.85,233445.0
2005-06-02,2.83,2.89,2.82,2.87,202785.0
2005-06-03,2.87,2.9,2.8,2.84,220679.0
2005-06-06,2.81,2.85,2.76,2.84,259749.0
2005-06-07,2.85,2.9,2.81,2.85,370895.0
2005-06-08,2.85,3.05,2.85,3.03,1502389.0
2005-06-09,3.02,3.03,2.94,2.97,1222912.0
2005-06-10,2.96,2.99,2.92,2.92,581100.0
2005-06-13,2.92,2.98,2.92,2.97,301649.0
2005-06-14,2.98,2.99,2.9,2.9,347200.0
2005-06-15,2.91,2.91,2.76,2.76,354205.0
2005-06-16,2.77,2.8,2.75,2.79,205220.0
2005-06-17,2.85,2.86,2.76,2.78,174800.0
2005-06-20,2.78,2.86,2.71,2.86,281122.0
2005-06-21,2.82,2.85,2.78,2.81,216697.0
2005-06-22,2.81,2.85,2.79,2.81,169480.0
2005-06-23,2.82,2.86,2.8,2.81,278700.0
2005-06-24,2.8,2.82,2.78,2.81,126800.0
2005-06-27,2.85,2.91,2.84,2.87,446419.0
2005-06-28,2.84,2.89,2.81,2.86,389655.0
2005-06-29,2.85,2.88,2.85,2.86,173830.0
2005-06-30,2.85,2.85,2.72,2.72,285900.0
2005-07-01,2.7,2.7,2.56,2.56,269300.0
2005-07-04,2.58,2.58,2.4,2.49,283209.0
2005-07-05,2.45,2.5,2.41,2.49,139500.0
2005-07-06,2.49,2.51,2.45,2.47,190600.0
2005-07-07,2.5,2.54,2.45,2.51,128500.0
2005-07-08,2.51,2.52,2.36,2.39,176209.0
2005-07-11,2.48,2.58,2.4,2.4,319699.0
2005-07-12,2.36,2.5,2.35,2.49,332983.0
2005-07-13,2.5,2.55,2.41,2.52,372600.0
2005-07-14,2.55,2.67,2.54,2.6,1487443.0
2005-07-15,2.55,2.61,2.5,2.52,396205.0
2005-07-18,2.51,2.51,2.4,2.4,264801.0
2005-07-19,2.39,2.44,2.37,2.42,162340.0
2005-07-20,2.42,2.46,2.41,2.44,133600.0
2005-07-21,2.43,2.44,2.39,2.43,105500.0
2005-07-22,2.45,2.52,2.41,2.5,379300.0
2005-07-25,2.48,2.51,2.45,2.5,148466.0
2005-07-26,2.48,2.56,2.48,2.54,351206.0
2005-07-27,2.54,2.58,2.53,2.58,393117.0
2005-07-28,2.55,2.59,2.53,2.59,371207.0
2005-07-29,2.56,2.66,2.55,2.65,771570.0
2005-08-01,2.64,2.67,2.57,2.59,442510.0
2005-08-02,2.6,2.64,2.58,2.63,493883.0
2005-08-03,2.64,2.71,2.63,2.68,851491.0
2005-08-04,2.65,2.65,2.59,2.63,334040.0
2005-08-05,2.63,2.7,2.63,2.7,621983.0
2005-08-08,2.72,2.74,2.65,2.7,799257.0
2005-08-09,2.7,2.76,2.65,2.75,1027877.0
2005-08-10,2.78,2.78,2.69,2.76,1165011.0
2005-08-11,2.75,2.82,2.74,2.79,1230059.0
2005-08-12,2.8,2.84,2.69,2.7,1202600.0
2005-08-15,2.7,2.8,2.68,2.79,1344830.0
2005-08-16,2.79,2.83,2.74,2.8,1206047.0
2005-08-17,2.8,2.91,2.75,2.9,1428217.0
2005-08-18,2.88,2.95,2.8,2.81,1534890.0
2005-08-19,2.79,2.84,2.7,2.79,899356.0
2005-08-22,2.8,2.88,2.77,2.86,542931.0
2005-08-23,2.83,2.85,2.75,2.79,475793.0
2005-08-24,2.8,2.82,2.77,2.81,416865.0
2005-08-25,2.81,2.88,2.8,2.88,835214.0
2005-08-26,2.87,3.04,2.84,2.96,1623727.0
2005-08-29,2.97,2.99,2.88,2.91,633988.0
2005-08-30,2.92,2.96,2.89,2.93,815925.0
2005-08-31,2.92,3.02,2.88,3.02,1412810.0
2005-09-01,3.05,3.07,2.97,3.05,1336119.0
2005-09-02,3.08,3.14,3.0,3.03,1650590.0
2005-09-05,3.04,3.1,3.01,3.09,983568.0
2005-09-06,3.13,3.14,2.98,3.0,1213475.0
2005-09-07,2.98,3.08,2.95,3.08,1146444.0
2005-09-08,3.08,3.09,2.98,3.04,875998.0
2005-09-09,3.03,3.09,2.99,3.03,607281.0
2005-09-12,3.04,3.1,3.0,3.07,678350.0
2005-09-13,3.1,3.18,3.07,3.16,1025123.0
2005-09-14,3.16,3.17,3.11,3.16,1113223.0
2005-09-15,3.16,3.23,3.14,3.18,1202354.0
2005-09-16,3.2,3.23,3.17,3.22,841202.0
2005-09-19,3.22,3.34,3.2,3.27,1058317.0
2005-09-20,3.29,3.34,3.25,3.34,1547064.0
2005-09-21,3.32,3.34,3.21,3.22,1132770.0
2005-09-22,3.2,3.22,2.98,3.05,1223269.0
2005-09-23,3.05,3.06,2.98,2.99,854101.0
2005-09-26,2.99,3.03,2.97,3.02,420298.0
2005-09-27,3.04,3.04,2.86,2.88,604936.0
2005-09-28,2.87,2.95,2.87,2.9,595089.0
2005-09-29,2.92,3.0,2.91,2.98,492367.0
2005-09-30,2.98,3.02,2.95,3.01,472439.0
2005-10-10,3.01,3.01,2.95,2.97,195436.0
2005-10-11,2.98,3.03,2.89,3.03,550530.0
2005-10-12,3.0,3.08,2.98,3.05,437906.0
2005-10-13,3.06,3.17,3.05,3.12,1173750.0
2005-10-14,3.1,3.11,3.0,3.02,617830.0
2005-10-17,2.98,3.0,2.91,2.97,444999.0
2005-10-18,2.97,3.09,2.94,3.08,658700.0
2005-10-19,3.07,3.12,3.03,3.05,747279.0
2005-10-20,3.09,3.09,2.98,3.06,437490.0
2005-10-21,3.06,3.22,3.02,3.18,2227576.0
2005-10-24,3.12,3.18,3.06,3.1,1344471.0
2005-10-25,3.15,3.15,2.96,2.98,877105.0
2005-10-26,2.96,3.01,2.89,2.91,650709.0
2005-10-27,2.91,2.95,2.86,2.93,497414.0
2005-10-28,2.88,2.94,2.69,2.71,729778.0
2005-10-31,2.7,2.77,2.7,2.75,334331.0
2005-11-01,2.75,2.76,2.64,2.71,539059.0
2005-11-02,2.74,2.79,2.73,2.79,534831.0
2005-11-03,2.8,2.84,2.75,2.77,361540.0
2005-11-04,2.78,2.8,2.71,2.8,275100.0
2005-11-07,2.85,2.85,2.78,2.82,304100.0
2005-11-08,2.81,2.88,2.81,2.87,439440.0
2005-11-09,2.88,2.9,2.83,2.85,339306.0
2005-11-10,2.83,2.85,2.71,2.72,401900.0
2005-11-11,2.71,2.78,2.71,2.75,194300.0
2005-11-14,2.74,2.82,2.71,2.8,229250.0
2005-11-15,2.81,2.83,2.76,2.79,286800.0
2005-11-16,2.77,2.82,2.72,2.81,262600.0
2005-11-17,2.79,2.82,2.78,2.8,246210.0
2005-11-18,2.8,2.88,2.8,2.86,722004.0
2005-11-21,2.89,2.94,2.85,2.93,696924.0
2005-11-22,2.93,2.96,2.85,2.85,552400.0
2005-11-23,2.81,2.89,2.81,2.86,327305.0
2005-11-24,2.89,2.9,2.86,2.88,318656.0
2005-11-25,2.85,2.91,2.84,2.9,295903.0
2005-11-28,2.9,2.92,2.87,2.91,191500.0
2005-11-29,2.9,2.96,2.89,2.94,1087375.0
2005-11-30,2.91,3.09,2.89,2.97,3303029.0
2005-12-01,2.95,2.95,2.86,2.88,919184.0
2005-12-02,2.86,2.9,2.82,2.85,527311.0
2005-12-05,2.78,2.82,2.72,2.77,354938.0
2005-12-06,2.72,2.78,2.71,2.76,331201.0
2005-12-07,2.75,2.78,2.71,2.75,385652.0
2005-12-08,2.75,2.77,2.74,2.75,291900.0
2005-12-12,2.8,2.84,2.78,2.81,381480.0
2005-12-13,2.8,2.87,2.77,2.85,388280.0
2005-12-14,2.85,2.89,2.82,2.88,419552.0
2005-12-15,2.86,2.88,2.82,2.83,386493.0
2005-12-16,2.81,2.85,2.8,2.83,278800.0
2005-12-19,2.83,2.88,2.82,2.88,211623.0
2005-12-20,2.85,2.87,2.84,2.86,234307.0
2005-12-21,2.86,2.88,2.82,2.82,249600.0
2005-12-22,2.82,2.83,2.78,2.81,302980.0
2005-12-23,2.8,2.86,2.8,2.84,384200.0
2005-12-26,2.85,2.88,2.82,2.86,357369.0
2005-12-27,2.88,2.89,2.85,2.88,258413.0
2005-12-28,2.87,2.95,2.86,2.94,947657.0
2005-12-29,2.91,3.08,2.9,2.97,2595602.0
2005-12-30,2.93,2.96,2.9,2.91,740001.0
2006-01-04,2.91,2.97,2.91,2.94,349951.0
2006-01-05,2.94,2.97,2.92,2.97,504339.0
2006-01-06,2.98,3.0,2.94,2.98,840540.0
2006-01-09,2.98,3.0,2.96,2.99,706800.0
2006-01-10,2.98,3.04,2.95,3.02,834100.0
2006-01-11,3.03,3.03,2.95,2.99,668282.0
2006-01-12,2.98,3.03,2.98,3.03,642710.0
2006-01-13,3.04,3.07,3.0,3.05,846168.0
2006-01-16,3.06,3.06,2.99,3.0,624517.0
2006-01-17,3.0,3.01,2.98,2.99,386835.0
2006-01-18,2.99,3.06,2.99,3.05,597560.0
2006-01-19,3.06,3.09,3.02,3.08,892869.0
2006-01-20,3.09,3.09,3.02,3.06,603011.0
2006-02-14,3.28,3.28,3.18,3.26,2428403.0
2006-02-15,3.25,3.26,3.2,3.23,1422637.0
2006-02-16,3.22,3.23,3.1,3.12,1145999.0
2006-02-17,3.13,3.18,3.1,3.14,514650.0
2006-02-20,3.14,3.19,3.12,3.14,395400.0
2006-02-21,3.15,3.18,3.08,3.18,727105.0
2006-02-22,3.19,3.19,3.14,3.16,581539.0
2006-02-23,3.17,3.18,3.14,3.17,442365.0
2006-02-24,3.15,3.17,3.14,3.15,552067.0
2006-02-27,3.17,3.18,3.14,3.15,1155736.0
2006-04-07,2.5,2.59,2.46,2.56,6908605.0
2006-04-10,2.54,2.68,2.45,2.65,4587872.0
2006-04-11,2.65,2.68,2.56,2.63,2763976.0
2006-04-12,2.62,2.7,2.6,2.67,3092892.0
2006-04-13,2.68,2.68,2.54,2.55,2472589.0
2006-04-14,2.56,2.63,2.53,2.62,1389781.0
2006-04-17,2.62,2.66,2.59,2.64,2319533.0
2006-04-18,2.63,2.66,2.59,2.61,1583365.0
2006-04-19,2.6,2.61,2.54,2.56,1102792.0
2006-04-20,2.54,2.57,2.47,2.48,1273365.0
2006-04-21,2.48,2.53,2.45,2.51,1007499.0
2006-04-24,2.53,2.53,2.36,2.41,1677016.0
2006-04-25,2.41,2.47,2.36,2.46,1387596.0
2006-04-26,2.49,2.54,2.47,2.54,2113964.0
2006-04-27,2.53,2.55,2.48,2.49,1073183.0
2006-04-28,2.49,2.49,2.41,2.47,839474.0
2006-05-08,2.45,2.55,2.45,2.55,1406772.0
2006-05-09,2.58,2.64,2.53,2.62,2537531.0
2006-05-10,2.61,2.88,2.57,2.73,4267544.0
2006-05-11,2.7,2.8,2.64,2.64,3852709.0
2006-05-12,2.62,2.76,2.6,2.74,3097626.0
2006-05-16,2.91,2.95,2.75,2.79,5845624.0
2006-05-17,2.78,2.87,2.75,2.8,2742122.0
2006-05-18,2.8,2.86,2.78,2.84,1804205.0
2006-05-19,2.87,2.96,2.81,2.92,2244233.0
2006-05-22,2.92,3.04,2.92,3.0,3073939.0
2006-05-23,3.0,3.0,2.83,2.84,2606500.0
2006-05-24,2.82,2.89,2.68,2.76,1969305.0
2006-05-25,2.75,2.82,2.72,2.81,997962.0
2006-05-26,2.82,2.86,2.8,2.84,1230767.0
2006-05-29,2.84,2.9,2.81,2.89,1600248.0
2006-05-30,2.91,2.95,2.85,2.94,2222158.0
2006-05-31,2.94,3.0,2.88,2.89,2149948.0
2006-06-01,2.89,3.08,2.89,3.06,3988804.0
2006-06-02,3.08,3.23,3.04,3.12,4134020.0
2006-06-05,3.12,3.28,3.1,3.25,3333516.0
2006-06-06,3.28,3.28,3.12,3.15,2401893.0
2006-06-07,3.15,3.19,2.85,2.86,2585681.0
2006-06-08,2.86,2.94,2.8,2.93,2054560.0
2006-06-09,2.92,2.99,2.87,2.88,1480150.0
2006-06-12,2.88,2.93,2.84,2.89,846902.0
2006-06-13,2.89,2.94,2.84,2.89,739819.0
2006-06-14,2.86,2.88,2.83,2.86,710895.0
2006-06-15,2.88,2.93,2.84,2.91,1149922.0
2006-06-16,2.9,3.0,2.89,2.99,1673822.0
2006-06-19,2.97,3.03,2.93,2.96,1429365.0
2006-06-20,2.96,3.09,2.95,3.04,1767795.0
2006-06-21,3.04,3.13,2.96,3.05,2436145.0
2006-06-22,3.04,3.08,2.95,2.99,1510501.0
2006-06-23,3.03,3.25,3.01,3.17,5650425.0
2006-06-26,3.18,3.48,3.12,3.37,5117334.0
2006-06-27,3.35,3.39,3.23,3.31,2999018.0
2006-06-28,3.3,3.3,3.21,3.23,2168323.0
2006-06-29,3.23,3.33,3.22,3.32,2638503.0
2006-06-30,3.32,3.32,3.17,3.2,2671733.0
2006-07-03,3.2,3.25,3.18,3.23,1587946.0
2006-07-04,3.24,3.33,3.2,3.29,2868496.0
2006-07-05,3.25,3.28,3.15,3.2,1436960.0
2006-07-06,3.18,3.28,3.17,3.26,1980656.0
2006-07-07,3.26,3.4,3.26,3.36,3575121.0
2006-07-10,3.35,3.35,3.24,3.33,1648901.0
2006-07-11,3.32,3.37,3.29,3.34,1466688.0
2006-07-12,3.32,3.43,3.3,3.32,2196400.0
2006-07-13,3.3,3.3,3.01,3.04,2744285.0
2006-07-14,3.02,3.1,3.0,3.04,1750913.0
2006-07-17,3.04,3.11,3.02,3.1,901572.0
2006-07-18,3.1,3.23,3.07,3.2,1444989.0
2006-07-19,3.18,3.2,3.06,3.14,1128550.0
2006-07-20,3.14,3.19,3.1,3.19,978826.0
2006-07-21,3.15,3.2,3.13,3.16,869567.0
2006-07-24,3.17,3.48,3.14,3.48,5068286.0
2006-07-25,3.62,3.83,3.53,3.83,17435741.0
2006-07-26,3.78,3.83,3.65,3.67,9491182.0
2006-07-27,3.63,3.78,3.52,3.59,5808179.0
2006-07-28,3.61,3.63,3.42,3.58,4757981.0
2006-07-31,3.57,3.58,3.36,3.37,3123223.0
2006-08-01,3.37,3.46,3.32,3.4,2431553.0
2006-08-02,3.39,3.41,3.19,3.24,2608518.0
2006-08-03,3.23,3.31,3.21,3.26,1594309.0
2006-08-04,3.25,3.3,3.08,3.08,2682188.0
2006-08-07,3.03,3.1,3.0,3.02,1967807.0
2006-08-08,3.03,3.25,3.03,3.23,3326329.0
2006-08-09,3.18,3.27,3.14,3.19,2079908.0
2006-08-10,3.19,3.37,3.18,3.3,2550634.0
2006-08-11,3.26,3.4,3.24,3.32,2338076.0
2006-08-14,3.32,3.37,3.11,3.14,2370827.0
2006-08-15,3.12,3.23,3.1,3.22,1414659.0
2006-08-16,3.22,3.3,3.18,3.28,1676618.0
2006-08-17,3.42,3.61,3.38,3.6,13517637.0
2006-08-18,3.56,3.64,3.42,3.43,7409658.0
2006-08-21,3.31,3.57,3.22,3.53,3391615.0
2006-08-22,3.6,3.74,3.53,3.57,6103833.0
2006-08-23,3.53,3.57,3.47,3.49,2450678.0
2006-08-24,3.47,3.54,3.44,3.53,1541156.0
2006-08-25,3.52,3.53,3.42,3.48,2080876.0
2006-08-28,3.48,3.56,3.44,3.56,2252359.0
2006-08-29,3.56,3.63,3.5,3.51,3387998.0
2006-08-30,3.48,3.55,3.47,3.54,1315362.0
2006-08-31,3.55,3.59,3.52,3.54,1479036.0
2006-09-01,3.54,3.54,3.42,3.42,1628229.0
2006-09-04,3.4,3.5,3.39,3.48,1029900.0
2006-09-05,3.48,3.49,3.42,3.46,1327178.0
2006-09-06,3.46,3.5,3.41,3.48,1032778.0
2006-09-07,3.48,3.48,3.32,3.35,1503795.0
2006-09-08,3.35,3.41,3.34,3.39,750330.0
2006-09-11,3.37,3.4,3.32,3.39,795471.0
2006-09-12,3.36,3.55,3.36,3.51,3198020.0
2006-09-13,3.5,3.56,3.44,3.44,1639000.0
2006-09-14,3.44,3.53,3.43,3.5,1207506.0
2006-09-15,3.5,3.57,3.49,3.55,2377965.0
2006-09-18,3.56,3.63,3.55,3.61,2875517.0
2006-09-19,3.62,3.62,3.53,3.54,1703710.0
2006-09-20,3.54,3.58,3.46,3.56,1624382.0
2006-09-21,3.56,3.57,3.49,3.51,947425.0
2006-09-22,3.51,3.52,3.42,3.42,1222400.0
2006-09-25,3.4,3.49,3.39,3.45,763653.0
2006-09-26,3.47,3.47,3.4,3.47,562486.0
2006-09-27,3.48,3.52,3.43,3.51,738314.0
2006-09-28,3.5,3.57,3.48,3.52,1042857.0
2006-09-29,3.51,3.57,3.51,3.51,1021127.0
2006-10-09,3.56,3.58,3.51,3.55,852330.0
2006-10-10,3.55,3.7,3.51,3.63,3289004.0
2006-10-11,3.63,3.65,3.56,3.6,1226961.0
2006-10-12,3.58,3.59,3.54,3.56,1267176.0
2006-10-13,3.55,3.64,3.53,3.61,1669811.0
2006-10-16,3.61,3.75,3.57,3.7,3678835.0
2006-10-17,3.7,3.72,3.61,3.61,1260815.0
2006-10-18,3.61,3.66,3.58,3.63,1201514.0
2006-10-19,3.64,3.7,3.61,3.66,1132456.0
2006-10-20,3.65,3.8,3.65,3.78,3497799.0
2006-10-23,3.77,3.85,3.48,3.49,2710131.0
2006-10-24,3.49,3.59,3.48,3.58,1566062.0
2006-10-25,3.58,3.64,3.49,3.53,1463380.0
2006-10-26,3.53,3.55,3.48,3.51,1030906.0
2006-10-27,3.53,3.53,3.4,3.42,1074994.0
2006-10-30,3.41,3.44,3.35,3.42,689644.0
2006-10-31,3.44,3.49,3.42,3.47,640816.0
2006-11-01,3.48,3.48,3.39,3.43,1002832.0
2006-11-02,3.43,3.44,3.35,3.38,1049863.0
2006-11-03,3.38,3.46,3.38,3.43,850123.0
2006-11-06,3.42,3.46,3.39,3.43,655710.0
2006-11-07,3.41,3.45,3.36,3.39,693366.0
2006-11-09,3.43,3.44,3.36,3.39,499300.0
2006-11-10,3.4,3.42,3.29,3.33,1661218.0
2006-11-13,3.28,3.31,3.12,3.15,1106573.0
2006-11-14,3.11,3.2,3.11,3.16,478435.0
2006-11-15,3.15,3.23,3.15,3.22,302402.0
2006-11-16,3.22,3.22,3.14,3.15,690210.0
2006-11-17,3.15,3.19,3.15,3.18,456615.0
2006-11-20,3.18,3.23,3.1,3.13,828180.0
2006-11-21,3.11,3.14,3.01,3.14,961945.0
2006-11-22,3.13,3.22,3.08,3.16,1251080.0
2006-11-23,3.13,3.22,3.12,3.16,829550.0
2006-11-24,3.17,3.22,3.14,3.19,902590.0
2006-11-27,3.24,3.25,3.19,3.24,700150.0
2006-11-28,3.24,3.27,3.21,3.23,713435.0
2006-11-29,3.22,3.25,3.17,3.24,720919.0
2006-11-30,3.24,3.3,3.22,3.28,1230043.0
2006-12-01,3.3,3.3,3.25,3.28,1101037.0
2006-12-04,3.26,3.34,3.24,3.33,1871591.0
2006-12-05,3.32,3.36,3.29,3.33,1226744.0
2006-12-06,3.31,3.38,3.2,3.27,1498926.0
2006-12-07,3.27,3.33,3.25,3.28,1345140.0
2006-12-08,3.27,3.27,3.15,3.15,1500205.0
2006-12-11,3.13,3.2,3.13,3.2,1531030.0
2006-12-12,3.2,3.27,3.13,3.27,1489892.0
2006-12-13,3.25,3.3,3.2,3.3,2229852.0
2006-12-14,3.34,3.36,3.29,3.32,2891352.0
2006-12-15,3.28,3.44,3.26,3.44,3769580.0
2006-12-18,3.38,3.51,3.36,3.43,4134040.0
2006-12-19,3.49,3.52,3.38,3.51,6973867.0
2006-12-20,3.5,3.5,3.38,3.45,2361621.0
2006-12-21,3.43,3.46,3.4,3.41,1928193.0
2006-12-22,3.4,3.44,3.37,3.41,1444898.0
2006-12-25,3.41,3.47,3.4,3.44,1387380.0
2006-12-26,3.42,3.46,3.3,3.31,1673956.0
2006-12-27,3.3,3.34,3.3,3.33,1183265.0
2006-12-28,3.34,3.34,3.2,3.21,1380495.0
2006-12-29,3.22,3.28,3.2,3.21,1653811.0
2007-01-04,3.22,3.26,3.19,3.23,1406578.0
2007-01-05,3.22,3.33,3.21,3.33,1189599.0
2007-01-08,3.33,3.44,3.33,3.43,1808080.0
2007-01-09,3.43,3.48,3.43,3.47,2140440.0
2007-01-10,3.46,3.54,3.44,3.53,2715943.0
2007-01-11,3.54,3.68,3.49,3.55,4158974.0
2007-01-12,3.55,3.58,3.4,3.41,2549300.0
2007-01-15,3.42,3.6,3.42,3.6,3164642.0
2007-01-16,3.6,3.65,3.55,3.63,3359438.0
2007-01-17,3.63,3.73,3.53,3.6,3728063.0
2007-01-18,3.58,3.72,3.56,3.71,3339130.0
2007-01-19,3.75,3.87,3.7,3.85,4488727.0
2007-01-22,3.92,4.07,3.9,4.04,4849757.0
2007-01-23,4.03,4.22,3.9,4.2,5068036.0
2007-01-24,4.2,4.28,4.12,4.19,4073008.0
2007-01-25,4.17,4.43,4.11,4.14,6469105.0
2007-01-26,4.05,4.24,3.85,4.14,4621034.0
2007-01-29,4.2,4.41,4.19,4.37,5577369.0
2007-01-30,4.38,4.45,4.25,4.25,5299889.0
2007-01-31,4.25,4.37,4.02,4.05,3656837.0
2007-02-01,4.09,4.19,4.01,4.17,2641099.0
2007-02-02,4.15,4.34,4.01,4.26,4269393.0
2007-02-05,4.18,4.37,4.14,4.29,2673138.0
2007-02-06,4.29,4.45,4.29,4.43,3734414.0
2007-02-07,4.45,4.82,4.45,4.69,7656245.0
2007-02-13,5.16,5.16,5.16,5.16,706719.0
2007-02-14,5.68,5.68,5.68,5.68,2656532.0
2007-02-15,6.25,6.25,6.02,6.25,15919885.0
2007-02-16,6.4,6.88,6.25,6.88,10091769.0
2007-02-26,7.18,7.57,6.95,7.57,7644986.0
2007-02-27,7.7,8.32,6.81,6.88,11809150.0
2007-02-28,7.1,7.57,7.0,7.57,6718000.0
2007-03-01,7.9,8.06,7.45,7.78,8275188.0
2007-03-02,7.77,7.89,7.36,7.58,5397843.0
2007-03-05,7.56,7.64,6.82,7.28,5623743.0
2007-03-07,7.42,7.79,7.4,7.66,5199806.0
2007-03-08,7.59,7.88,7.36,7.74,5125707.0
2007-03-09,7.73,8.3,7.5,8.0,8987847.0
2007-03-12,7.91,8.8,7.91,8.78,11736453.0
2007-03-13,8.63,8.95,8.59,8.68,7350602.0
2007-03-14,8.55,8.77,8.03,8.55,5375808.0
2007-03-15,8.49,8.7,8.46,8.61,3988016.0
2007-03-16,8.63,8.79,8.07,8.26,5298942.0
2007-03-19,7.94,8.3,7.86,8.13,4865999.0
2007-03-20,8.25,8.8,8.2,8.69,5642841.0
2007-03-21,8.59,8.79,8.55,8.67,3430906.0
2007-03-22,8.71,8.92,8.56,8.62,4838814.0
2007-03-23,8.57,8.7,8.4,8.64,3588046.0
2007-03-26,8.67,9.34,8.67,9.3,6916460.0
2007-03-27,9.75,9.85,9.45,9.59,9220473.0
2007-03-28,9.53,10.25,9.2,10.21,9932371.0
2007-03-29,10.19,10.2,9.7,9.7,6091710.0
2007-03-30,9.6,10.06,9.54,9.9,4188896.0
2007-04-02,10.01,10.18,9.82,10.08,4224528.0
2007-04-03,10.07,10.14,9.9,10.0,3346845.0
2007-04-04,10.1,10.27,9.94,10.1,5223172.0
2007-04-05,10.05,10.33,9.85,10.27,6219401.0
2007-04-06,10.32,10.77,10.31,10.59,8482403.0
2007-04-09,10.73,11.36,10.5,11.36,9696804.0
2007-04-10,11.1,11.36,10.8,11.12,6320484.0
2007-04-11,11.24,11.24,10.72,10.85,5776830.0
2007-04-12,10.9,11.86,10.81,11.72,9254272.0
2007-04-13,11.45,12.48,11.4,12.15,9341329.0
2007-04-16,12.79,12.89,12.31,12.72,12476161.0
2007-04-17,12.74,13.98,12.52,13.91,10029941.0
2007-04-18,14.3,14.75,14.0,14.33,7465566.0
2007-04-19,14.47,14.53,12.9,13.07,10770504.0
2007-04-20,8.85,9.48,8.73,9.48,11792946.0
2007-04-23,9.55,10.43,9.35,10.43,19215680.0
2007-04-24,11.0,11.0,10.37,10.44,31722591.0
2007-04-25,10.45,11.27,10.45,10.66,13281627.0
2007-04-26,10.78,10.95,10.37,10.45,8763932.0
2007-04-27,10.45,10.5,9.92,10.0,9837799.0
2007-04-30,9.9,9.9,9.05,9.6,11092050.0
2007-05-08,9.72,10.19,9.72,10.1,9422003.0
2007-05-09,10.17,10.8,9.7,10.8,15936107.0
2007-05-10,10.73,10.99,10.0,10.82,17533795.0
2007-05-11,10.85,11.28,10.64,11.16,25517519.0
2007-05-14,10.91,11.08,10.73,10.81,11042581.0
2007-05-15,10.78,10.78,10.0,10.05,10644291.0
2007-05-16,10.0,10.38,9.83,10.35,6522236.0
2007-05-17,10.35,11.07,10.25,11.03,16037185.0
2007-05-18,11.01,11.57,10.78,11.46,22373077.0
2007-05-21,11.25,12.05,11.05,11.88,36933778.0
2007-05-22,11.88,12.12,11.7,11.78,20233586.0
2007-05-23,11.79,11.9,11.65,11.9,12334437.0
2007-05-24,11.92,12.0,11.4,11.63,10469248.0
2007-05-25,11.59,11.71,11.4,11.49,7934518.0
2007-05-28,11.49,11.68,11.48,11.54,9976554.0
2007-05-29,11.56,12.25,11.56,12.19,17848656.0
2007-05-30,11.6,12.09,10.97,10.97,12272221.0
2007-05-31,10.49,10.59,9.87,9.87,10506228.0
2007-06-01,9.9,10.2,8.88,8.88,8632644.0
2007-06-04,8.25,8.26,7.99,7.99,1989600.0
2007-06-05,7.19,7.71,7.19,7.7,12764214.0
2007-06-06,7.8,8.23,7.45,8.21,10264704.0
2007-06-07,8.18,8.97,8.05,8.94,12489552.0
2007-06-08,8.85,9.1,8.76,8.78,8616208.0
2007-06-11,8.9,8.9,8.6,8.61,7450358.0
2007-06-12,8.61,8.68,7.75,8.4,9470668.0
2007-06-13,8.53,9.24,8.53,9.24,13209066.0
2007-06-14,9.38,9.38,8.85,8.88,9379798.0
2007-06-15,8.63,9.0,8.55,8.91,6082912.0
2007-06-18,9.21,9.49,9.16,9.28,10709736.0
2007-06-19,9.28,9.37,9.0,9.29,7332864.0
2007-06-20,9.3,9.8,9.15,9.6,14461550.0
2007-06-21,9.59,9.78,9.35,9.74,16070702.0
2007-06-22,9.78,9.97,8.77,8.88,10362992.0
2007-06-25,8.96,9.16,7.99,7.99,6977574.0
2007-06-26,7.68,7.99,7.3,7.99,5742490.0
2007-06-27,7.99,8.2,7.76,8.11,4866226.0
2007-06-28,8.26,8.5,7.7,7.75,6960764.0
2007-06-29,7.32,7.69,7.06,7.29,4929009.0
2007-07-02,7.15,7.5,7.13,7.5,3193876.0
2007-07-03,7.58,7.65,7.32,7.55,2874370.0
2007-07-04,7.49,7.6,7.15,7.4,2720054.0
2007-07-05,7.11,7.6,7.08,7.45,5975656.0
2007-07-06,7.5,8.18,7.45,8.15,8971981.0
2007-07-09,8.21,8.34,7.95,8.21,7791353.0
2007-07-10,8.16,8.16,7.7,7.77,4798947.0
2007-07-11,7.77,7.95,7.58,7.84,2386238.0
2007-07-12,7.84,7.89,7.72,7.77,1892105.0
2007-07-13,7.77,7.93,7.5,7.89,2625428.0
2007-07-16,7.94,8.08,7.83,7.92,3853914.0
2007-07-17,7.89,8.06,7.52,7.93,3100428.0
2007-07-18,7.86,7.88,7.6,7.63,2973931.0
2007-07-19,7.56,7.72,7.5,7.51,2483098.0
2007-07-20,7.51,7.89,7.51,7.87,4233446.0
2007-07-23,8.0,8.47,8.0,8.34,9591454.0
2007-07-24,8.45,8.85,8.05,8.48,9863716.0
2007-07-26,9.33,9.33,8.86,9.0,11070927.0
2007-07-27,8.88,9.09,8.6,8.92,7031400.0
2007-07-30,9.0,9.12,8.91,9.05,6746970.0
2007-07-31,9.02,9.06,8.72,8.92,5168539.0
2007-08-01,8.95,9.15,8.26,8.26,6409289.0
2007-08-02,8.24,8.64,8.24,8.58,4216103.0
2007-08-03,8.57,8.6,8.3,8.42,4113452.0
2007-08-06,8.5,8.81,8.42,8.7,5273675.0
2007-08-07,8.69,9.57,8.61,9.45,15938784.0
2007-08-08,9.28,9.32,8.8,9.0,7639330.0
2007-08-09,8.88,9.44,8.88,9.02,5935614.0
2007-08-10,8.96,9.01,8.45,8.75,4067310.0
2007-08-13,8.74,8.74,8.49,8.59,2744847.0
2007-08-14,8.59,9.06,8.52,9.04,4890927.0
2007-08-15,9.15,9.34,8.81,9.1,8250719.0
2007-08-16,9.15,9.18,8.8,9.0,4183182.0
2007-08-17,9.03,9.26,9.02,9.2,6060248.0
2007-08-20,9.6,9.85,9.37,9.41,7713815.0
2007-08-21,9.38,9.55,9.28,9.35,6518651.0
2007-08-22,9.1,10.28,9.08,10.02,15508341.0
2007-08-23,10.05,10.08,9.62,9.77,9639338.0
2007-08-24,9.86,9.98,9.66,9.84,7505503.0
2007-08-27,9.9,9.95,9.39,9.47,6056996.0
2007-08-28,9.44,9.74,9.18,9.67,5120677.0
2007-08-29,9.45,9.6,9.2,9.3,3123551.0
2007-08-30,9.33,9.69,9.32,9.61,5150502.0
2007-08-31,9.61,9.98,9.55,9.87,8426756.0
2007-09-03,9.9,10.3,9.88,10.29,11405769.0
2007-09-04,10.3,10.78,10.2,10.3,13739830.0
2007-09-05,10.3,10.5,10.01,10.17,6874431.0
2007-09-06,10.18,10.76,10.18,10.55,9463782.0
2007-09-07,10.54,10.69,10.02,10.07,7890884.0
2007-09-10,9.92,10.29,9.8,10.29,5068718.0
2007-09-11,10.51,10.85,9.54,9.56,8640142.0
2007-09-12,9.56,10.02,9.56,9.85,6566673.0
2007-09-13,9.85,10.0,9.58,9.8,6020659.0
2007-09-14,10.02,10.12,9.68,9.84,5553098.0
2007-09-17,9.84,10.31,9.69,10.28,6454291.0
2007-09-18,10.3,10.37,9.93,10.13,5771346.0
2007-09-19,10.13,10.2,9.73,10.01,4514552.0
2007-09-20,10.02,10.58,9.92,10.52,10618021.0
2007-09-21,10.7,11.05,10.53,10.74,17275083.0
2007-09-24,10.73,10.73,10.13,10.28,5291721.0
2007-09-25,10.28,10.5,10.0,10.09,4211878.0
2007-09-26,10.1,10.16,9.86,9.89,3288779.0
2007-09-27,9.87,9.99,9.81,9.91,2435792.0
2007-09-28,10.14,10.14,9.96,9.99,3866461.0
2007-10-08,10.15,10.39,10.01,10.1,4190511.0
2007-10-09,10.13,10.15,9.93,10.1,3223814.0
2007-10-10,10.1,10.2,9.74,9.82,5051003.0
2007-10-11,9.78,9.78,9.42,9.46,4330625.0
2007-10-12,9.42,9.76,8.55,9.39,3736058.0
2007-10-15,9.3,9.57,9.01,9.3,3056556.0
2007-10-16,9.23,9.5,9.05,9.3,3181140.0
2007-10-17,9.28,9.4,9.17,9.35,3177697.0
2007-10-18,9.3,9.45,9.08,9.27,2437127.0
2007-10-19,9.33,9.49,9.11,9.29,2483093.0
2007-10-22,9.27,9.63,8.91,9.43,3637686.0
2007-10-23,9.59,9.6,9.0,9.08,2002744.0
2007-10-24,9.1,9.25,8.32,8.36,3716657.0
2007-10-25,8.29,8.3,7.52,7.52,3973716.0
2007-10-26,7.31,7.69,7.31,7.62,2295237.0
2007-10-29,7.84,8.38,7.8,8.38,3738090.0
2007-10-30,8.63,8.74,8.13,8.35,3096527.0
2007-10-31,8.22,8.49,8.2,8.41,2895961.0
2007-11-01,8.55,8.55,8.06,8.06,1976101.0
2007-11-02,7.97,7.97,7.7,7.83,2077088.0
2007-11-05,7.83,8.1,7.68,8.0,1553457.0
2007-11-06,8.08,8.17,7.91,8.04,1203272.0
2007-11-07,8.2,8.24,7.95,8.07,1062223.0
2007-11-08,8.07,8.07,7.68,7.72,1036200.0
2007-11-09,7.86,7.86,7.6,7.68,789267.0
2007-11-12,7.49,7.79,7.4,7.7,1021680.0
2007-11-13,7.85,7.95,7.66,7.73,849176.0
2007-11-14,7.87,7.98,7.75,7.96,1106221.0
2007-11-15,7.96,8.0,7.71,7.72,1164470.0
2007-11-16,7.72,7.85,7.63,7.85,820908.0
2007-11-19,7.86,8.12,7.83,8.02,1347602.0
2007-11-20,8.06,8.16,7.98,8.08,1313136.0
2007-11-21,8.1,8.15,7.85,7.9,1030461.0
2007-11-22,7.82,7.9,7.53,7.54,933062.0
2007-11-23,7.58,7.8,7.51,7.8,735017.0
2007-11-26,7.92,7.92,7.75,7.83,976307.0
2007-11-27,7.78,7.99,7.7,7.96,1365794.0
2007-11-28,8.44,8.76,8.06,8.22,7342762.0
2007-11-29,8.0,8.31,7.98,8.23,3623431.0
2007-11-30,8.12,8.17,8.0,8.01,1492567.0
2007-12-03,7.95,8.12,7.9,8.09,920547.0
2007-12-04,8.02,8.23,8.01,8.2,1716014.0
2007-12-05,8.18,8.24,8.07,8.19,1987096.0
2007-12-06,8.25,8.25,8.09,8.1,1022065.0
2007-12-07,8.12,8.28,8.12,8.26,1318658.0
2007-12-10,8.14,8.46,8.1,8.43,2367737.0
2007-12-11,8.38,8.5,8.31,8.45,2352783.0
2007-12-12,8.46,8.53,8.35,8.44,2032763.0
2007-12-13,8.43,8.56,8.19,8.22,1871005.0
2007-12-14,8.11,8.32,8.1,8.31,1187669.0
2007-12-17,8.29,8.47,8.24,8.46,1960613.0
2007-12-18,8.58,8.59,8.2,8.29,2249727.0
2007-12-19,8.3,8.5,8.29,8.45,2300740.0
2007-12-21,8.6,8.68,8.5,8.62,3123642.0
2007-12-24,8.66,8.78,8.6,8.66,2958829.0
2007-12-25,8.66,8.94,8.64,8.8,4012935.0
2007-12-26,8.82,9.06,8.76,9.06,4661630.0
2007-12-27,9.06,9.15,9.0,9.05,3902426.0
2007-12-28,9.05,9.12,8.91,8.92,2400251.0
2008-01-02,9.0,9.22,8.88,9.17,2483808.0
2008-01-03,9.16,9.65,9.13,9.64,3932491.0
2008-01-04,9.61,9.61,9.3,9.52,2443351.0
2008-01-07,9.49,9.66,9.4,9.59,3372101.0
2008-01-08,9.58,9.71,9.11,9.22,3680801.0
2008-01-09,9.2,9.48,9.15,9.46,2297350.0
2008-01-10,9.46,9.74,9.41,9.47,3175310.0
2008-01-11,9.48,9.62,9.16,9.51,2688188.0
2008-01-14,9.51,9.92,9.51,9.87,5167324.0
2008-01-15,9.93,9.97,9.76,9.92,3546540.0
2008-01-16,9.86,10.12,9.78,9.99,4668722.0
2008-01-17,9.91,10.19,9.3,9.72,4252754.0
2008-01-18,9.72,9.84,9.46,9.67,2182855.0
2008-01-21,9.63,9.71,9.01,9.05,2969045.0
2008-01-22,8.98,8.98,8.15,8.39,4915051.0
2008-01-23,8.59,9.23,8.43,9.23,5726508.0
2008-01-24,9.4,9.73,9.2,9.55,6216082.0
2008-01-25,9.54,9.62,9.3,9.37,2852596.0
2008-01-29,8.56,9.15,8.56,9.07,2961024.0
2008-01-30,9.12,9.27,8.76,9.01,1864930.0
2008-01-31,8.79,9.12,8.78,8.81,1262397.0
2008-02-01,8.8,9.0,8.09,8.38,2251535.0
2008-02-04,8.6,9.1,8.6,9.09,1596256.0
2008-02-05,9.09,9.09,8.87,8.96,1246048.0
2008-02-13,8.96,9.2,8.75,9.18,1296189.0
2008-02-14,9.25,9.37,9.15,9.25,1259991.0
2008-02-15,9.22,9.23,9.0,9.16,835730.0
2008-02-18,9.2,9.6,9.18,9.41,2188117.0
2008-02-19,9.4,9.72,9.3,9.6,2707283.0
2008-02-20,9.6,9.71,9.28,9.28,2513168.0
2008-02-21,9.28,9.6,9.13,9.47,1888346.0
2008-02-22,9.43,9.62,9.18,9.3,1976981.0
2008-02-25,9.3,9.46,8.96,9.0,1583998.0
2008-02-26,9.2,9.27,8.97,9.09,1626891.0
2008-02-27,9.19,9.38,9.08,9.33,1678764.0
2008-02-28,9.3,9.47,9.3,9.36,1600042.0
2008-02-29,9.4,9.54,9.33,9.47,1328191.0
2008-03-03,9.5,9.94,9.41,9.93,5440523.0
2008-03-04,9.86,10.1,9.73,9.91,4840780.0
2008-03-05,9.88,10.08,9.74,10.01,3930576.0
2008-03-06,10.08,10.44,9.91,9.94,4675986.0
2008-03-07,9.97,10.1,9.0,9.7,2900216.0
2008-03-10,9.7,9.71,9.48,9.5,1732522.0
2008-03-11,9.47,9.71,9.35,9.69,1426097.0
2008-03-12,9.83,9.87,9.43,9.47,1679880.0
2008-03-13,9.3,9.57,8.91,9.08,1783050.0
2008-03-14,9.08,9.2,8.92,9.12,1041706.0
2008-03-17,9.05,9.16,8.26,8.3,1645924.0
2008-03-18,8.15,8.15,7.47,7.47,2924770.0
2008-03-19,7.61,7.96,7.4,7.72,2487771.0
2008-03-20,7.65,8.18,7.3,7.99,2653222.0
2008-03-21,8.08,8.18,7.84,7.98,3020825.0
2008-03-24,8.1,8.15,7.8,7.9,2252852.0
2008-03-25,7.71,8.02,7.71,7.91,1297761.0
2008-03-26,8.1,8.32,8.05,8.25,4252974.0
2008-03-27,8.2,8.2,7.91,7.91,2161000.0
2008-03-28,7.8,8.1,7.41,8.09,1442594.0
2008-03-31,7.9,7.94,7.53,7.58,862960.0
2008-04-01,7.65,7.7,6.82,6.82,2105811.0
2008-04-02,6.82,7.04,6.31,6.47,1963257.0
2008-04-03,6.69,6.7,6.5,6.62,1124600.0
2008-04-07,6.62,6.99,6.5,6.99,1151274.0
2008-04-08,6.99,7.23,6.8,7.19,1633814.0
2008-04-09,7.27,7.29,6.67,6.72,1971054.0
2008-04-10,6.6,6.75,6.4,6.71,1397546.0
2008-04-11,6.86,6.86,6.66,6.81,1297082.0
2008-04-15,6.3,6.57,6.13,6.53,2064699.0
2008-04-16,6.4,6.45,6.15,6.21,1180397.0
2008-04-17,6.08,6.3,5.7,5.84,1437274.0
2008-04-18,5.84,5.84,5.36,5.38,1599723.0
2008-04-21,5.74,5.92,5.37,5.49,1716153.0
2008-04-22,5.49,5.49,5.11,5.36,1160074.0
2008-04-23,5.47,5.65,5.3,5.63,1368247.0
2008-04-24,6.14,6.19,5.9,6.19,4200750.0
2008-04-25,6.18,6.33,6.01,6.01,3266375.0
2008-04-28,5.96,5.97,5.78,5.8,2207325.0
2008-04-29,5.8,5.98,5.79,5.9,1276928.0
2008-04-30,5.99,6.17,5.9,6.17,2850584.0
2008-05-05,6.17,6.43,6.17,6.36,2296611.0
2008-05-06,6.33,6.43,6.19,6.35,2825205.0
2008-05-07,6.34,6.45,6.05,6.1,2741052.0
2008-05-08,6.09,6.23,6.01,6.2,1619698.0
2008-05-09,6.23,6.39,6.03,6.18,2285871.0
2008-05-13,6.05,6.33,6.03,6.29,3058685.0
2008-05-14,6.29,6.5,6.25,6.49,3719007.0
2008-05-15,6.5,6.75,6.38,6.75,5231537.0
2008-05-16,6.65,6.7,6.32,6.41,3389835.0
2008-05-19,6.35,6.46,6.28,6.35,1332715.0
2008-05-20,6.37,6.47,5.81,5.81,2117729.0
2008-05-21,5.62,6.06,5.62,6.0,2201166.0
2008-05-22,5.93,6.13,5.86,5.97,1563882.0
2008-05-23,6.05,6.19,5.94,6.06,2255243.0
2008-05-26,6.03,6.06,5.73,5.76,1597075.0
2008-05-27,5.77,5.87,5.67,5.77,890105.0
2008-05-28,5.77,5.97,5.72,5.91,938265.0
2008-05-29,5.91,5.95,5.79,5.8,1132056.0
2008-05-30,5.76,6.26,5.76,6.13,3977080.0
2008-06-02,6.11,6.23,6.0,6.15,3020122.0
2008-06-03,6.12,6.18,5.98,6.0,1580642.0
2008-06-04,5.89,6.0,5.73,5.85,1372896.0
2008-06-05,5.8,5.94,5.75,5.85,1212677.0
2008-06-06,5.85,5.96,5.8,5.82,743310.0
2008-06-10,5.51,5.67,5.24,5.24,1274720.0
2008-06-11,5.02,5.2,4.93,5.03,1222743.0
2008-06-12,5.01,5.1,4.89,4.98,1055839.0
2008-06-13,5.06,5.15,4.88,4.88,928700.0
2008-06-16,4.5,4.99,4.5,4.85,1007099.0
2008-06-17,4.88,4.88,4.6,4.62,1048712.0
2008-06-18,4.52,4.91,4.43,4.86,1477153.0
2008-06-19,4.82,4.83,4.37,4.59,1382397.0
2008-06-20,4.58,4.85,4.28,4.64,1547226.0
2008-06-23,4.61,4.61,4.37,4.46,568194.0
2008-06-24,4.37,4.65,4.32,4.6,984016.0
2008-06-25,4.58,4.84,4.51,4.8,1574322.0
2008-06-26,4.83,4.93,4.7,4.85,1348246.0
2008-06-27,4.73,4.73,4.4,4.48,1114825.0
2008-06-30,4.47,4.56,4.31,4.53,444438.0
2008-07-01,4.49,4.58,4.37,4.46,391416.0
2008-07-02,4.41,4.54,4.41,4.47,433138.0
2008-07-03,4.41,4.65,4.33,4.59,1034789.0
2008-07-04,4.55,4.65,4.55,4.64,885258.0
2008-07-07,4.64,4.85,4.64,4.84,1415765.0
2008-07-08,4.85,5.0,4.8,4.91,1746910.0
2008-07-09,4.95,5.04,4.92,5.0,1903634.0
2008-07-10,4.98,5.1,4.88,4.89,1456298.0
2008-07-11,4.89,4.92,4.7,4.79,1201656.0
2008-07-14,4.82,4.92,4.73,4.92,772862.0
2008-07-15,4.94,5.09,4.8,5.01,2288457.0
2008-07-16,4.9,4.98,4.6,4.67,1608792.0
2008-07-17,4.79,4.81,4.6,4.6,840966.0
2008-07-18,4.65,4.87,4.61,4.86,1242608.0
2008-07-21,4.9,5.35,4.9,5.35,8036912.0
2008-07-22,5.46,5.64,5.34,5.37,10384723.0
2008-07-23,5.28,5.44,5.21,5.29,4128247.0
2008-07-24,5.27,5.38,5.23,5.37,2872939.0
2008-07-25,5.34,5.34,5.2,5.2,2114491.0
2008-07-28,5.26,5.34,5.2,5.25,1846272.0
2008-07-29,5.2,5.3,5.15,5.27,1778113.0
2008-07-30,5.33,5.38,5.16,5.21,1529252.0
2008-07-31,5.21,5.21,4.9,4.91,1619402.0
2008-08-01,4.9,5.02,4.81,5.0,1339826.0
2008-08-04,4.93,4.99,4.82,4.82,545600.0
2008-08-05,4.78,4.85,4.6,4.62,950108.0
2008-08-06,4.66,4.74,4.55,4.67,990656.0
2008-08-07,4.67,4.76,4.63,4.75,723726.0
2008-08-08,4.76,4.77,4.33,4.34,1359700.0
2008-08-11,4.3,4.35,3.91,3.96,1331438.0
2008-08-12,3.96,4.04,3.9,4.0,707824.0
2008-08-13,4.0,4.08,3.83,4.04,689817.0
2008-08-14,4.04,4.1,3.95,4.05,579390.0
2008-08-15,4.01,4.19,3.97,4.11,786725.0
2008-08-18,4.06,4.1,3.82,3.88,863110.0
2008-08-19,3.87,4.26,3.84,4.02,1309877.0
2008-08-20,3.98,4.37,3.9,4.32,2005200.0
2008-08-21,4.21,4.31,4.05,4.1,1774074.0
2008-08-22,4.11,4.25,4.05,4.15,1090183.0
2008-08-25,4.22,4.22,4.12,4.15,481775.0
2008-08-26,4.1,4.15,3.75,3.83,1055253.0
2008-08-27,3.78,3.94,3.71,3.93,728649.0
2008-08-28,3.85,3.95,3.8,3.94,498150.0
2008-08-29,3.96,4.09,3.9,4.04,650435.0
2008-09-01,3.99,3.99,3.85,3.87,517191.0
2008-09-02,3.89,3.98,3.8,3.95,615552.0
2008-09-03,3.95,4.18,3.9,4.15,1704853.0
2008-09-04,4.15,4.18,4.0,4.1,1360083.0
2008-09-05,4.01,4.06,3.9,3.92,859649.0
2008-09-08,3.92,3.96,3.82,3.83,877396.0
2008-09-09,3.8,3.95,3.8,3.89,533299.0
2008-09-10,3.88,4.06,3.85,3.96,725904.0
2008-09-11,3.96,4.0,3.91,3.93,667920.0
2008-09-12,3.96,4.04,3.93,4.02,795930.0
2008-09-16,4.0,4.08,3.94,4.05,1287205.0
2008-09-17,4.05,4.1,3.87,3.93,1305703.0
2008-09-18,3.8,3.9,3.54,3.73,1574238.0
2008-09-19,4.1,4.1,4.0,4.1,2565831.0
2008-09-22,4.27,4.48,4.08,4.16,4104226.0
2008-09-23,4.0,4.04,3.86,3.93,1720817.0
2008-09-24,3.9,4.05,3.86,4.04,1060255.0
2008-09-25,4.0,4.14,4.0,4.1,1742356.0
2008-09-26,4.12,4.12,3.99,4.04,834830.0
2008-10-06,4.02,4.02,3.86,3.94,1024013.0
2008-10-07,3.85,3.95,3.79,3.94,989681.0
2008-10-08,3.81,3.94,3.81,3.86,615214.0
2008-10-09,3.92,3.95,3.79,3.79,749500.0
2008-10-10,3.74,3.74,3.54,3.71,1180898.0
2008-10-13,3.69,3.69,3.41,3.67,866463.0
2008-10-14,3.76,3.78,3.53,3.6,916277.0
2008-10-15,3.55,3.55,3.43,3.46,634973.0
2008-10-16,3.34,3.35,3.19,3.19,685470.0
2008-10-17,3.19,3.28,3.12,3.22,434800.0
2008-10-20,3.26,3.3,3.17,3.28,368939.0
2008-10-21,3.33,3.35,3.25,3.25,503771.0
2008-10-22,3.2,3.41,3.2,3.39,757147.0
2008-10-23,3.32,3.35,3.21,3.3,389123.0
2008-10-24,3.25,3.33,3.23,3.24,280712.0
2008-10-27,3.23,3.25,2.95,2.95,811200.0
2008-10-28,2.92,3.25,2.89,3.25,2735814.0
2008-10-29,3.3,3.57,3.3,3.31,6267412.0
2008-10-30,3.25,3.43,3.02,3.38,3671574.0
2008-10-31,3.32,3.36,3.13,3.16,1712340.0
2008-11-03,3.18,3.18,3.04,3.1,1203769.0
2008-11-04,3.06,3.08,2.9,2.98,1876672.0
2008-11-05,2.98,3.21,2.98,3.15,2680510.0
2008-11-06,3.11,3.2,3.08,3.17,2590706.0
2008-11-07,3.1,3.21,3.07,3.16,1276279.0
2008-11-10,3.19,3.4,3.19,3.37,2975801.0
2008-11-11,3.35,3.41,3.24,3.25,2125896.0
2008-11-12,3.21,3.34,3.21,3.34,1488581.0
2008-11-13,3.29,3.61,3.26,3.55,3649080.0
2008-11-14,3.54,3.65,3.42,3.6,4051191.0
2008-11-17,3.59,3.89,3.5,3.8,4579487.0
2008-11-18,3.8,3.84,3.42,3.42,4076600.0
2008-11-19,3.4,3.67,3.4,3.65,2159946.0
2008-11-20,3.54,3.8,3.52,3.69,2744174.0
2008-11-21,3.65,3.75,3.49,3.66,2672153.0
2008-11-24,3.61,3.75,3.57,3.64,2271099.0
2008-11-25,3.74,3.8,3.6,3.73,2135748.0
2008-11-26,3.71,3.97,3.71,3.9,3010294.0
2008-11-27,4.12,4.17,3.82,3.83,4000649.0
2008-11-28,3.8,3.92,3.76,3.92,2010542.0
2008-12-01,3.86,4.08,3.83,4.06,2854768.0
2008-12-02,4.0,4.2,3.93,4.04,3214898.0
2008-12-03,4.02,4.14,3.96,4.14,2439396.0
2008-12-04,4.14,4.35,4.08,4.15,4507581.0
2008-12-05,4.16,4.22,4.09,4.17,3039073.0
2008-12-08,4.2,4.5,4.2,4.45,5452528.0
2008-12-09,4.5,4.56,4.28,4.56,4155769.0
2008-12-10,4.45,5.02,4.42,4.9,8588786.0
2008-12-11,4.88,4.88,4.59,4.62,5457574.0
2008-12-12,4.62,4.62,4.21,4.3,3914987.0
2008-12-15,4.33,4.41,4.23,4.32,2375623.0
2008-12-16,4.34,4.43,4.12,4.38,2007583.0
2008-12-17,4.38,4.64,4.35,4.5,2807009.0
2008-12-18,4.47,4.7,4.41,4.64,2841338.0
2008-12-19,4.64,5.08,4.57,4.97,7104511.0
2008-12-22,4.97,5.19,4.84,4.96,7924441.0
2008-12-23,4.96,5.2,4.46,4.48,7068583.0
2008-12-24,4.46,4.54,4.35,4.46,2002902.0
2008-12-25,4.46,4.65,4.46,4.59,2543369.0
2008-12-26,4.65,4.8,4.5,4.58,2670432.0
2008-12-29,4.55,4.78,4.35,4.57,2986193.0
2008-12-30,4.56,4.68,4.36,4.36,3167794.0
2008-12-31,4.36,4.52,4.25,4.26,3073684.0
2009-01-05,4.32,4.48,4.29,4.46,2511106.0
2009-01-06,4.4,4.85,4.37,4.77,4170336.0
2009-01-07,4.76,5.02,4.67,5.02,7433647.0
2009-01-08,4.95,5.13,4.81,5.03,6290901.0
2009-01-09,4.94,5.15,4.87,5.02,8180879.0
2009-01-12,5.04,5.06,4.9,4.92,5869754.0
2009-01-13,4.86,5.05,4.81,4.88,4652912.0
2009-01-14,4.86,5.0,4.82,4.99,2277863.0
2009-01-15,4.95,5.04,4.9,5.0,3780173.0
2009-01-16,5.01,5.19,5.01,5.1,7510491.0
2009-01-19,5.18,5.18,4.9,5.04,4276288.0
2009-01-20,5.09,5.1,4.93,5.03,2739364.0
2009-01-21,5.0,5.02,4.89,4.91,2447484.0
2009-01-22,4.97,5.15,4.95,5.0,2888985.0
2009-01-23,5.0,5.1,5.0,5.05,2579361.0
2009-02-02,5.06,5.13,4.97,5.11,2745761.0
2009-02-03,5.11,5.5,5.06,5.35,5482930.0
2009-02-04,5.37,5.52,5.3,5.44,4963551.0
2009-02-05,5.46,5.74,5.35,5.4,6367958.0
2009-02-06,5.5,5.75,5.41,5.69,6607163.0
2009-02-09,5.78,5.97,5.67,5.76,8575680.0
2009-02-10,5.79,6.15,5.66,6.12,8398523.0
2009-02-11,6.01,6.63,6.0,6.28,11832582.0
2009-02-12,6.34,6.5,5.98,6.33,5568040.0
2009-02-13,6.39,6.5,6.24,6.5,5574895.0
2009-02-16,6.52,6.57,6.14,6.28,7222274.0
2009-02-17,6.28,6.43,6.0,6.02,5532326.0
2009-02-18,5.9,6.15,5.7,5.76,4694020.0
2009-02-19,5.8,5.95,5.73,5.81,2782372.0
2009-02-20,5.8,6.02,5.78,6.02,2844624.0
2009-02-23,6.03,6.25,5.93,6.17,5993660.0
2009-02-24,6.09,6.14,5.74,5.75,6501117.0
2009-02-25,5.85,5.95,5.6,5.72,5209077.0
2009-02-26,5.76,5.77,5.15,5.15,6261222.0
2009-02-27,5.19,5.3,4.66,4.8,4826799.0
2009-03-02,4.8,4.97,4.71,4.88,3004890.0
2009-03-03,4.65,4.94,4.48,4.81,5832190.0
2009-03-04,4.81,5.17,4.81,5.14,6302160.0
2009-03-05,5.16,5.65,5.09,5.65,10646574.0
2009-03-06,5.58,5.86,5.48,5.7,11233074.0
2009-03-09,5.7,5.79,5.18,5.21,5100186.0
2009-03-10,5.2,5.36,5.13,5.35,2491418.0
2009-03-11,5.5,5.5,5.21,5.26,2609343.0
2009-03-12,5.22,5.28,4.98,5.2,2102205.0
2009-03-13,5.21,5.31,5.12,5.18,2806395.0
2009-03-16,5.21,5.3,5.06,5.27,1891808.0
2009-03-17,5.28,5.65,5.23,5.6,4861232.0
2009-03-18,5.8,6.16,5.74,5.77,12673474.0
2009-03-19,5.69,5.89,5.69,5.88,6461271.0
2009-03-20,5.8,5.86,5.69,5.75,3910995.0
2009-03-23,5.75,5.97,5.73,5.87,6741582.0
2009-03-24,5.95,5.98,5.73,5.82,4680436.0
2009-03-25,5.87,5.87,5.56,5.56,4497484.0
2009-03-26,5.56,5.71,5.41,5.66,4202046.0
2009-03-30,5.7,5.88,5.6,5.83,4925807.0
2009-03-31,5.78,5.83,5.59,5.83,5752068.0
2009-04-01,5.88,5.99,5.8,5.93,11229027.0
2009-04-02,5.9,5.92,5.81,5.83,5338608.0
2009-04-03,5.83,5.88,5.65,5.67,4274423.0
2009-04-07,5.66,5.78,5.62,5.69,2619020.0
2009-04-08,5.67,5.75,5.45,5.45,4153492.0
2009-04-09,5.46,5.54,5.21,5.44,3442238.0
2009-04-10,5.45,5.57,5.41,5.57,4582570.0
2009-04-13,5.6,5.68,5.55,5.62,6064841.0
2009-04-14,5.59,5.83,5.58,5.82,7994693.0
2009-04-15,5.82,5.9,5.5,5.88,6730742.0
2009-04-16,5.88,5.95,5.75,5.82,7606802.0
2009-04-17,5.82,5.88,5.69,5.71,5212569.0
2009-04-20,5.67,6.06,5.66,5.97,9192132.0
2009-04-21,5.91,6.09,5.85,6.04,10477613.0
2009-04-22,6.09,6.3,5.7,5.81,13645070.0
2009-04-23,5.63,5.81,5.6,5.76,5695732.0
2009-04-24,5.81,5.86,5.53,5.54,4861328.0
2009-04-27,5.54,5.62,5.17,5.28,4451300.0
2009-04-28,5.3,5.38,5.24,5.38,2911262.0
2009-04-29,5.38,5.52,5.33,5.5,3570806.0
2009-04-30,5.5,5.59,5.42,5.53,4214743.0
2009-05-04,5.44,5.78,5.44,5.71,4126865.0
2009-05-05,5.75,5.93,5.7,5.85,6381969.0
2009-05-06,5.85,5.92,5.78,5.9,4968341.0
2009-05-07,5.9,5.91,5.6,5.85,6441450.0
2009-05-08,5.81,6.09,5.81,5.9,7792347.0
2009-05-11,6.0,6.07,5.56,5.58,5696214.0
2009-05-12,5.5,5.78,5.48,5.76,3205148.0
2009-05-13,5.78,5.97,5.71,5.9,6958714.0
2009-05-14,5.86,5.87,5.73,5.81,4271516.0
2009-05-15,5.79,6.06,5.79,6.01,10047201.0
2009-05-18,6.0,6.36,5.96,6.27,13681543.0
2009-05-19,6.28,6.32,6.1,6.32,10580150.0
2009-05-20,6.27,6.7,6.27,6.45,23941204.0
2009-05-21,6.43,6.54,6.09,6.13,9916000.0
2009-05-22,6.05,6.33,6.01,6.2,7313506.0
2009-05-25,6.02,6.22,5.88,6.22,6844209.0
2009-05-26,6.2,6.7,6.15,6.45,12116478.0
2009-05-27,6.5,6.57,6.3,6.3,6792913.0
2009-06-01,6.3,6.48,6.2,6.39,7946450.0
2009-06-02,6.4,6.57,6.32,6.37,7767208.0
2009-06-03,6.37,6.43,6.18,6.27,7274239.0
2009-06-04,6.21,6.33,6.12,6.17,5001493.0
2009-06-05,6.19,6.22,6.09,6.11,5157173.0
2009-06-08,6.11,6.22,6.05,6.11,3515794.0
2009-06-09,6.1,6.18,5.95,6.13,5816630.0
2009-06-10,6.14,6.25,6.09,6.23,6638267.0
2009-06-11,6.28,6.4,6.22,6.37,12380902.0
2009-06-12,6.43,6.43,6.0,6.1,9168379.0
2009-06-15,6.08,6.12,5.88,6.06,6210325.0
2009-06-16,6.03,6.04,5.91,5.97,3436456.0
2009-06-17,5.96,6.09,5.94,6.05,4023900.0
2009-06-18,6.05,6.08,5.99,6.06,4260078.0
2009-06-19,6.08,6.16,6.03,6.11,5073079.0
2009-06-22,6.12,6.18,6.04,6.14,5692977.0
2009-06-23,6.14,6.54,6.11,6.31,24593384.0
2009-06-24,6.27,6.33,6.11,6.3,8007935.0
2009-06-25,6.21,6.28,6.12,6.14,6051049.0
2009-06-26,6.18,6.18,5.99,6.08,9703349.0
2009-06-29,6.08,6.14,5.98,6.11,5890042.0
2009-06-30,6.13,6.13,6.0,6.03,4029434.0
2009-07-01,6.03,6.07,6.0,6.05,3792876.0
2009-07-02,6.05,6.09,5.99,6.08,5430444.0
2009-07-03,6.02,6.09,5.98,6.05,5274436.0
2009-07-06,6.06,6.24,6.02,6.22,9947157.0
2009-07-07,6.22,6.22,6.1,6.13,6172102.0
2009-07-08,6.12,6.25,6.07,6.22,6762559.0
2009-07-09,6.25,6.35,6.2,6.33,8466870.0
2009-07-10,6.33,6.39,6.25,6.27,7460988.0
2009-07-13,6.29,6.43,6.28,6.33,7337100.0
2009-07-14,6.33,6.48,6.33,6.44,8198922.0
2009-07-15,6.47,6.58,6.39,6.55,11861601.0
2009-07-16,6.57,6.6,6.34,6.34,8579518.0
2009-07-17,6.37,6.44,6.28,6.39,7942621.0
2009-07-20,6.39,6.55,6.38,6.51,8650296.0
2009-07-21,6.52,6.54,6.22,6.22,11449302.0
2009-07-22,6.2,6.31,6.2,6.26,5243849.0
2009-07-23,6.27,6.35,6.2,6.34,5803871.0
2009-07-24,6.34,6.44,6.14,6.24,7546029.0
2009-07-27,6.23,6.39,6.21,6.36,7524052.0
2009-07-28,6.36,6.59,6.32,6.51,14126419.0
2009-07-29,6.51,6.6,5.91,6.11,11918584.0
2009-07-30,6.12,6.22,5.98,6.13,5543349.0
2009-07-31,6.16,6.35,6.12,6.35,7062474.0
2009-08-03,6.35,6.99,6.34,6.77,21895004.0
2009-08-04,6.73,7.04,6.64,6.89,21538320.0
2009-08-05,6.85,6.94,6.67,6.82,9753657.0
2009-08-06,6.8,6.8,6.46,6.58,11003786.0
2009-08-07,6.59,6.73,6.4,6.42,6977306.0
2009-08-10,6.48,6.55,6.3,6.5,5736893.0
2009-08-11,6.49,6.61,6.43,6.55,5600399.0
2009-08-12,6.5,6.5,6.05,6.12,5673909.0
2009-08-13,6.13,6.22,5.98,6.17,3517664.0
2009-08-14,6.17,6.17,5.7,5.74,5512092.0
2009-08-17,5.65,5.77,5.31,5.34,4940468.0
2009-08-18,5.34,5.53,5.32,5.5,2793484.0
2009-08-19,5.5,5.51,5.07,5.12,4098368.0
2009-08-20,5.13,5.32,5.13,5.29,3317468.0
2009-08-21,5.28,5.44,5.24,5.44,3316267.0
2009-08-24,5.45,5.54,5.36,5.48,3767885.0
2009-08-26,5.35,5.69,5.26,5.64,5806265.0
2009-08-27,5.6,5.75,5.51,5.71,4881676.0
2009-08-28,5.69,5.75,5.5,5.57,3015451.0
2009-08-31,5.48,5.48,5.1,5.13,4279977.0
2009-09-01,5.13,5.3,5.08,5.18,2991450.0
2009-09-02,5.17,5.23,5.11,5.21,2091637.0
2009-09-03,5.23,5.43,5.19,5.41,4238175.0
2009-09-04,5.43,5.61,5.37,5.54,5561500.0
2009-09-07,5.59,5.66,5.5,5.57,6947863.0
2009-09-08,5.58,5.69,5.53,5.65,7381962.0
2009-09-09,5.65,5.71,5.55,5.64,4277680.0
2009-09-10,5.65,5.69,5.49,5.53,3721529.0
2009-09-11,5.54,5.81,5.53,5.79,7633576.0
2009-09-14,5.81,5.92,5.7,5.87,12265511.0
2009-09-15,5.83,5.94,5.73,5.92,6742780.0
2009-09-16,5.9,5.99,5.8,5.91,5443911.0
2009-09-17,5.9,6.09,5.88,6.02,6103151.0
2009-09-18,6.03,6.09,5.79,5.82,6709531.0
2009-09-21,5.75,5.84,5.62,5.81,5832896.0
2009-09-22,5.81,5.86,5.6,5.65,3914799.0
2009-09-23,5.6,5.72,5.45,5.49,3316038.0
2009-09-24,5.49,5.59,5.38,5.52,3097348.0
2009-09-25,5.47,5.6,5.45,5.52,2611691.0
2009-09-28,5.61,5.61,5.2,5.35,2069293.0
2009-09-29,5.38,5.38,5.18,5.24,2420934.0
2009-09-30,5.32,5.4,5.27,5.33,2432290.0
2009-10-09,5.43,5.67,5.4,5.66,3371253.0
2009-10-12,5.61,5.85,5.61,5.74,4674917.0
2009-10-13,5.77,6.04,5.72,5.94,6131662.0
2009-10-14,5.95,6.12,5.88,5.9,6768620.0
2009-10-15,5.9,6.17,5.9,6.16,8642413.0
2009-10-16,6.13,6.45,6.08,6.34,13624543.0
2009-10-19,6.3,6.5,6.22,6.49,8576185.0
2009-10-20,6.49,6.57,6.41,6.48,7470220.0
2009-10-21,6.48,6.71,6.45,6.62,9244769.0
2009-10-22,6.59,6.7,6.36,6.36,8905309.0
2009-10-23,6.39,7.0,6.39,6.94,16350010.0
2009-10-26,6.83,7.07,6.74,6.8,14094963.0
2009-10-30,6.5,6.65,6.2,6.36,13506614.0
2009-11-02,6.13,6.5,6.06,6.47,12694425.0
2009-11-03,6.46,6.7,6.38,6.66,13418919.0
2009-11-04,6.52,6.94,6.52,6.86,13353017.0
2009-11-05,6.88,7.0,6.62,6.9,13685951.0
2009-11-06,6.88,6.96,6.77,6.82,7048923.0
2009-11-09,6.8,7.29,6.67,7.09,17842054.0
2009-11-10,7.07,7.18,6.95,6.97,15792515.0
2009-11-11,6.97,6.97,6.8,6.89,5123947.0
2009-11-12,6.92,7.04,6.85,6.87,8857697.0
2009-11-13,6.9,6.9,6.71,6.88,5300228.0
2009-11-16,6.91,7.05,6.91,7.03,9626004.0
2009-11-17,7.04,7.07,6.95,7.01,7187648.0
2009-11-18,7.01,7.06,6.96,7.05,6785485.0
2009-11-19,7.06,7.29,7.02,7.28,10733216.0
2009-11-20,7.21,7.37,7.18,7.32,9952472.0
2009-11-23,7.32,7.41,7.24,7.35,8380330.0
2009-11-24,7.38,7.4,6.79,6.84,11737149.0
2009-11-25,6.83,7.07,6.72,7.01,6868836.0
2009-11-26,6.98,7.06,6.55,6.6,8580933.0
2009-11-27,6.59,6.67,6.41,6.55,5887515.0
2009-11-30,6.58,6.85,6.58,6.84,6316246.0
2009-12-01,6.8,7.13,6.74,7.07,7087088.0
2009-12-02,7.1,7.28,7.0,7.17,8314839.0
2009-12-03,7.15,7.48,7.1,7.47,12540474.0
2009-12-04,7.49,7.62,7.01,7.2,12815613.0
2009-12-07,7.2,7.41,7.2,7.35,5910651.0
2009-12-08,7.33,7.42,7.1,7.3,4610968.0
2009-12-09,7.25,7.41,7.16,7.26,6290015.0
2009-12-10,7.32,7.49,7.25,7.4,6950731.0
2009-12-11,7.45,7.54,7.25,7.3,6551825.0
2009-12-14,7.3,7.31,7.04,7.2,4729680.0
2009-12-15,7.18,7.48,7.16,7.38,6499983.0
2009-12-16,7.37,7.59,7.33,7.46,10307911.0
2009-12-17,7.42,7.48,7.1,7.13,6259150.0
2009-12-18,7.09,7.09,6.71,6.78,4711146.0
2009-12-21,6.88,6.95,6.72,6.88,2426095.0
2009-12-22,6.9,6.92,6.74,6.81,3745341.0
2009-12-23,6.81,6.95,6.78,6.86,2564573.0
2009-12-24,6.87,7.12,6.82,7.08,5376004.0
2009-12-25,7.07,7.13,6.97,7.1,3716959.0
2009-12-28,7.17,7.27,7.1,7.19,4130077.0
2009-12-29,7.23,7.4,7.19,7.29,5404333.0
2009-12-30,7.32,7.36,7.18,7.23,3719098.0
2009-12-31,7.22,7.28,7.13,7.21,4390114.0
2010-01-04,7.32,7.47,7.21,7.41,7731270.0
2010-01-05,7.4,7.63,7.39,7.53,10861426.0
2010-01-06,7.6,7.72,7.36,7.38,8253880.0
2010-01-07,7.38,7.44,7.27,7.36,6382505.0
2010-01-08,7.38,7.52,7.31,7.51,4997251.0
2010-01-11,7.5,7.94,7.42,7.83,13901068.0
2010-01-12,7.77,8.08,7.73,8.0,13252085.0
2010-01-13,7.79,8.25,7.79,7.91,12954750.0
2010-01-14,7.99,8.25,7.91,8.18,7876386.0
2010-01-15,8.2,8.28,8.04,8.11,6965730.0
2010-01-18,8.02,8.19,7.97,8.11,6613081.0
2010-01-19,8.08,8.42,8.03,8.34,7775231.0
2010-01-20,8.35,8.72,8.3,8.35,12698809.0
2010-01-21,8.37,8.56,7.99,8.24,7439568.0
2010-01-22,8.1,8.2,7.95,8.08,7895755.0
2010-01-25,8.2,8.25,8.01,8.05,3537919.0
2010-01-26,8.04,8.1,7.6,7.61,8662924.0
2010-01-27,7.59,7.7,7.3,7.46,4153348.0
2010-01-28,7.58,8.21,7.4,8.19,21052608.0
2010-01-29,8.05,8.52,7.86,8.23,15134948.0
2010-02-01,8.22,8.28,7.98,8.2,7665940.0
2010-02-02,8.01,8.23,7.7,7.78,9305372.0
2010-02-03,7.6,7.93,7.42,7.85,8282980.0
2010-02-04,7.84,8.21,7.72,8.0,10468915.0
2010-02-05,7.82,8.22,7.77,8.06,11117706.0
2010-02-08,8.05,8.13,7.95,8.08,6640495.0
2010-02-09,8.07,8.15,7.75,7.78,7909505.0
2010-02-10,7.82,7.91,7.58,7.8,4702483.0
2010-02-11,7.81,8.2,7.72,8.08,10069406.0
2010-02-12,8.08,8.42,8.03,8.27,12787502.0
2010-02-22,8.11,8.48,8.11,8.42,8303847.0
2010-02-23,8.45,8.66,8.23,8.63,9014930.0
2010-02-24,8.58,8.77,8.5,8.65,9249789.0
2010-02-25,8.72,8.74,8.56,8.59,9586107.0
2010-02-26,8.55,8.66,8.43,8.66,7895054.0
2010-03-01,8.68,8.84,8.55,8.68,11730744.0
2010-03-02,8.66,8.66,8.54,8.63,6589752.0
2010-03-03,8.62,9.38,8.62,9.15,15755641.0
2010-03-04,9.18,9.2,8.6,8.71,12434520.0
2010-03-05,8.71,8.95,8.5,8.71,8046003.0
2010-03-08,8.72,9.18,8.72,9.12,10855954.0
2010-03-09,9.12,9.23,8.99,9.05,7072154.0
2010-03-10,9.07,9.46,8.98,9.2,11002835.0
2010-03-11,9.2,9.27,8.86,9.21,6919156.0
2010-03-12,9.22,9.57,8.63,9.38,13479997.0
2010-03-15,9.36,9.45,9.1,9.16,7808723.0
2010-03-16,9.18,9.37,9.09,9.34,5844049.0
2010-03-17,9.38,9.58,9.2,9.52,8537661.0
2010-03-18,9.48,9.54,9.3,9.34,6434183.0
2010-03-19,9.29,9.38,9.08,9.2,8839877.0
2010-03-22,9.19,9.56,9.18,9.35,8576368.0
2010-03-23,9.33,9.35,9.09,9.15,6937106.0
2010-03-24,9.15,9.28,9.05,9.19,5215783.0
2010-03-25,9.23,9.46,9.16,9.36,9672074.0
2010-03-26,9.3,9.56,9.09,9.49,11330333.0
2010-03-29,9.49,9.75,9.4,9.67,10073004.0
2010-03-30,9.63,9.96,9.57,9.68,9063338.0
2010-03-31,9.6,9.88,9.51,9.56,9766769.0
2010-04-01,9.5,9.83,9.48,9.72,7762457.0
2010-04-02,9.76,10.1,9.71,9.99,10891135.0
2010-04-06,10.02,10.11,9.8,10.08,8361983.0
2010-04-07,10.02,10.1,9.85,9.93,6818423.0
2010-04-08,9.93,10.0,9.7,9.93,6478888.0
2010-04-09,9.88,10.11,9.83,9.85,7116184.0
2010-04-12,9.8,10.0,9.6,9.72,11672714.0
2010-04-13,9.72,9.85,9.09,9.43,10810387.0
2010-04-14,9.42,9.54,9.2,9.47,6533214.0
2010-04-15,9.55,9.75,9.38,9.4,8057058.0
2010-04-16,9.45,9.6,9.32,9.43,4673894.0
2010-04-19,9.37,9.37,8.88,8.88,8040131.0
2010-04-20,8.85,9.0,8.68,8.79,5647375.0
2010-04-21,8.79,9.15,8.79,9.15,6281625.0
2010-04-23,9.19,9.28,8.79,8.85,7873242.0
2010-04-26,8.84,9.13,8.75,8.9,5165097.0
2010-04-27,8.8,8.95,8.29,8.45,5387821.0
2010-04-28,8.38,8.53,8.23,8.35,5672372.0
2010-04-29,8.35,8.48,8.2,8.21,4071720.0
2010-04-30,8.17,8.28,7.7,7.79,5923897.0
2010-05-04,7.78,8.02,7.69,7.94,4065899.0
2010-05-05,7.85,8.21,7.83,8.2,4125904.0
2010-05-06,8.27,8.27,7.68,7.68,4697848.0
2010-05-07,7.51,7.68,7.29,7.35,6868363.0
2010-05-10,7.35,7.49,7.1,7.36,3573979.0
2010-05-11,7.47,7.68,7.25,7.3,4823358.0
2010-05-12,7.26,7.41,6.81,6.88,6280946.0
2010-05-13,6.98,7.1,6.74,7.06,5998335.0
2010-05-14,6.97,7.11,6.93,7.07,4473454.0
2010-05-17,7.0,7.0,6.36,6.36,9930473.0
2010-05-18,6.26,6.55,6.22,6.48,5492195.0
2010-05-19,6.4,6.59,6.32,6.42,4393199.0
2010-05-20,6.4,6.53,6.25,6.27,3787763.0
2010-05-21,6.12,6.49,6.01,6.45,4889238.0
2010-05-24,6.49,6.86,6.46,6.8,8733544.0
2010-05-25,6.75,6.83,6.6,6.7,4647099.0
2010-05-26,6.67,6.85,6.58,6.78,4490223.0
2010-05-27,6.8,6.93,6.6,6.83,4779541.0
2010-05-28,6.9,6.96,6.73,6.8,3986067.0
2010-05-31,6.7,6.77,6.4,6.4,6209184.0
2010-06-01,6.38,6.39,6.06,6.23,4368546.0
2010-06-02,6.13,6.39,6.13,6.38,3646793.0
2010-06-03,6.39,6.48,6.26,6.26,3670655.0
2010-06-04,6.27,6.36,6.13,6.34,3501883.0
2010-06-07,6.2,6.29,6.15,6.28,3564254.0
2010-06-08,6.35,6.44,6.25,6.36,3574166.0
2010-06-09,6.41,6.56,6.35,6.55,6261670.0
2010-06-10,6.5,6.65,6.45,6.56,4901528.0
2010-06-11,6.58,6.64,6.48,6.53,2967609.0
2010-06-17,6.55,6.61,6.48,6.49,3630042.0
2010-06-18,6.49,6.53,6.2,6.42,4054276.0
2010-06-21,6.3,6.65,6.2,6.58,7266786.0
2010-06-22,6.55,6.67,6.5,6.6,5857786.0
2010-06-23,6.57,6.63,6.38,6.52,4141056.0
2010-06-24,6.53,6.66,6.4,6.62,5000752.0
2010-06-25,6.58,6.58,6.36,6.48,3944581.0
2010-06-28,6.53,6.53,6.31,6.33,2541390.0
2010-06-29,6.33,6.36,5.77,5.77,4904882.0
2010-06-30,5.7,5.75,5.53,5.57,2775562.0
2010-07-01,5.56,5.74,5.5,5.55,2334720.0
2010-07-02,5.55,5.65,5.32,5.58,3251518.0
2010-07-05,5.52,5.69,5.41,5.61,3462710.0
2010-07-06,5.66,5.79,5.56,5.77,3567801.0
2010-07-07,5.8,5.82,5.67,5.8,1876416.0
2010-07-08,5.85,5.85,5.7,5.77,1836326.0
2010-07-09,5.78,5.96,5.71,5.9,4096227.0
2010-07-12,5.9,6.03,5.89,5.93,3750488.0
2010-07-13,5.9,6.09,5.73,6.01,6631344.0
2010-07-14,5.98,6.09,5.93,5.98,5627478.0
2010-07-15,5.95,6.0,5.76,5.76,4261330.0
2010-07-16,5.73,5.82,5.62,5.77,2768397.0
2010-07-19,5.67,5.95,5.64,5.91,2771151.0
2010-07-20,5.91,6.14,5.9,6.11,6597185.0
2010-07-21,6.11,6.22,6.04,6.07,5565811.0
2010-07-22,6.05,6.29,6.03,6.24,5683842.0
2010-07-23,6.27,6.27,6.12,6.23,5049719.0
2010-07-26,6.22,6.62,6.19,6.6,11832680.0
2010-07-27,6.51,6.63,6.4,6.4,10238364.0
2010-07-28,6.42,6.57,6.33,6.54,7371861.0
2010-07-29,6.54,6.62,6.48,6.61,6891249.0
2010-07-30,6.59,6.59,6.42,6.52,4671569.0
2010-08-02,6.49,6.76,6.49,6.69,7972035.0
2010-08-03,6.68,6.8,6.57,6.57,7113810.0
2010-08-04,6.52,6.82,6.52,6.8,8549069.0
2010-08-05,6.76,6.93,6.7,6.8,9968162.0
2010-08-06,6.8,6.92,6.6,6.91,11072904.0
2010-08-09,6.92,7.07,6.84,7.04,10900922.0
2010-08-10,7.06,7.06,6.71,6.71,8348785.0
2010-08-11,6.69,6.78,6.53,6.7,4693023.0
2010-08-12,6.61,6.76,6.58,6.6,5020626.0
2010-08-13,7.05,7.05,6.77,6.86,12595295.0
2010-08-16,6.8,7.03,6.73,7.0,9959556.0
2010-08-17,7.17,7.18,7.02,7.09,12034764.0
2010-08-18,7.09,7.16,6.98,7.1,8536405.0
2010-08-19,7.1,7.14,6.98,7.0,8048999.0
2010-08-20,6.98,6.99,6.73,6.77,6837590.0
2010-08-23,6.73,6.89,6.73,6.8,4517603.0
2010-08-24,6.8,6.97,6.73,6.94,6017042.0
2010-08-25,6.88,6.98,6.75,6.75,5173953.0
2010-08-26,6.76,6.9,6.73,6.83,3890854.0
2010-08-27,6.83,7.07,6.78,7.01,7717862.0
2010-08-30,7.02,7.18,6.98,7.17,9942761.0
2010-08-31,7.15,7.15,7.0,7.12,6722202.0
2010-09-01,7.11,7.21,6.89,6.98,7454059.0
2010-09-02,7.02,7.24,7.02,7.17,9815994.0
2010-09-03,7.17,7.45,7.13,7.4,13947874.0
2010-09-06,7.4,7.61,7.25,7.45,13152092.0
2010-09-07,7.47,7.72,7.38,7.68,13216837.0
2010-09-08,7.6,7.93,7.56,7.8,12652068.0
2010-09-09,7.8,7.87,7.5,7.54,12004580.0
2010-09-10,7.54,7.72,7.29,7.61,10079926.0
2010-09-13,7.59,7.79,7.52,7.67,6560121.0
2010-09-14,7.69,7.74,7.52,7.57,6932703.0
2010-09-15,7.54,7.62,7.31,7.34,7947374.0
2010-09-16,7.34,7.52,7.23,7.42,8768112.0
2010-09-17,7.48,7.51,7.3,7.33,4241167.0
2010-09-20,7.36,7.36,7.15,7.18,4265822.0
2010-09-21,7.2,7.25,7.08,7.13,3373881.0
2010-09-27,7.15,7.3,7.12,7.29,3641897.0
2010-09-28,7.29,7.29,7.04,7.11,4186102.0
2010-09-29,7.12,7.23,7.06,7.12,5678764.0
2010-09-30,7.12,7.27,7.1,7.2,4490190.0
2010-10-08,7.26,7.49,7.21,7.45,6717190.0
2010-10-11,7.46,7.56,7.37,7.47,7871375.0
2010-10-12,7.49,7.62,7.42,7.54,8185466.0
2010-10-13,7.5,7.6,7.38,7.53,9071164.0
2010-10-14,7.59,7.6,7.31,7.41,11841506.0
2010-10-15,7.34,7.77,7.3,7.33,14089769.0
2010-10-18,7.3,7.3,6.93,7.03,10393528.0
2010-10-19,7.05,7.45,7.02,7.33,8077995.0
2010-10-20,7.19,7.35,7.14,7.19,6936231.0
2010-10-21,7.17,7.34,7.16,7.33,6457443.0
2010-10-22,7.31,7.45,7.28,7.45,9036458.0
2010-10-25,7.5,7.57,7.42,7.54,10723845.0
2010-10-26,7.53,7.62,7.4,7.48,9465710.0
2010-10-27,7.5,7.58,7.41,7.44,10209201.0
2010-10-28,7.44,7.49,7.29,7.36,7653472.0
2010-10-29,7.41,7.59,7.34,7.58,10993676.0
2010-11-01,7.58,7.76,7.51,7.75,14770995.0
2010-11-02,7.71,7.79,7.63,7.7,13601174.0
2010-11-03,7.7,7.98,7.63,7.78,17632568.0
2010-11-04,7.77,8.07,7.76,8.01,15381271.0
2010-11-05,8.1,8.15,7.87,7.93,13213621.0
2010-11-08,7.94,8.12,7.82,8.11,15408233.0
2010-11-09,8.1,8.16,7.89,8.08,13215690.0
2010-11-10,8.06,8.26,8.05,8.07,10043632.0
2010-11-11,8.08,8.6,7.95,8.34,22404344.0
2010-11-12,8.38,8.6,8.02,8.25,33756500.0
2010-11-15,8.35,8.49,8.07,8.41,26051554.0
2010-11-16,8.39,8.72,7.77,7.9,26133784.0
2010-11-17,7.69,7.81,7.18,7.24,13050398.0
2010-11-18,7.39,7.44,7.21,7.27,6763736.0
2010-11-19,7.33,7.42,7.21,7.4,7876774.0
2010-11-22,7.38,7.56,7.27,7.42,8040260.0
2010-11-23,7.37,7.48,7.08,7.24,8715006.0
2010-11-24,7.2,7.4,7.2,7.39,7776263.0
2010-11-25,7.4,7.54,7.39,7.51,7780755.0
2010-11-26,7.52,7.65,7.41,7.46,7880913.0
2010-11-29,7.45,7.53,7.28,7.48,5482461.0
2010-11-30,7.45,7.48,7.02,7.18,7373379.0
2010-12-01,7.18,7.22,7.1,7.19,5194417.0
2010-12-02,7.28,7.31,7.2,7.21,5087221.0
2010-12-03,7.2,7.24,7.1,7.17,3529367.0
2010-12-06,7.17,7.45,7.15,7.45,10742803.0
2010-12-07,7.38,7.97,7.38,7.86,20765304.0
2010-12-08,7.79,8.44,7.77,8.34,28764168.0
2010-12-09,8.25,8.43,7.93,8.1,14794239.0
2010-12-10,8.05,8.26,8.0,8.01,10595749.0
2010-12-13,8.06,8.27,8.01,8.23,15352654.0
2010-12-14,8.2,8.59,8.1,8.54,15891549.0
2010-12-15,8.51,8.79,8.34,8.37,17535180.0
2010-12-16,8.29,8.4,8.08,8.11,15312516.0
2010-12-17,8.11,8.25,8.09,8.18,6031381.0
2010-12-20,8.24,8.24,7.85,8.18,8280504.0
2010-12-21,8.14,8.32,8.1,8.28,6906079.0
2010-12-22,8.28,8.37,8.05,8.1,5270350.0
2010-12-23,8.1,8.16,7.93,7.97,4440651.0
2010-12-24,7.92,8.03,7.68,7.86,4515684.0
2010-12-27,7.75,7.91,7.5,7.52,5367840.0
2010-12-28,7.51,7.57,7.21,7.57,4585701.0
2010-12-29,7.39,7.65,7.3,7.63,2974553.0
2010-12-30,7.63,7.64,7.45,7.64,3247993.0
2010-12-31,7.6,7.66,7.55,7.66,3820365.0
2011-01-04,7.61,7.71,7.56,7.7,4960337.0
2011-01-05,7.66,7.72,7.56,7.66,5278819.0
2011-01-06,7.65,7.86,7.59,7.69,5914678.0
2011-01-07,7.69,7.73,7.5,7.57,5012822.0
2011-01-10,7.57,7.57,7.3,7.34,3762707.0
2011-01-11,7.26,7.33,7.1,7.21,3615907.0
2011-01-12,7.21,7.34,7.15,7.3,2316984.0
2011-01-13,7.31,7.37,7.26,7.28,1616410.0
2011-01-14,7.26,7.26,6.96,7.0,4239527.0
2011-01-17,6.98,7.0,6.55,6.7,4133380.0
2011-01-18,6.65,6.77,6.57,6.76,3416680.0
2011-01-19,6.74,6.91,6.7,6.88,3151683.0
2011-01-20,6.9,6.9,6.62,6.77,2757508.0
2011-01-21,6.8,6.88,6.64,6.82,2516728.0
2011-01-24,6.81,6.84,6.64,6.72,2062275.0
2011-01-25,6.72,6.73,6.52,6.63,1561587.0
2011-01-26,6.57,6.74,6.57,6.73,1346041.0
2011-01-27,6.71,6.9,6.63,6.82,3120924.0
2011-01-31,6.83,6.88,6.7,6.87,3555667.0
2011-02-01,6.82,7.07,6.82,6.95,3083655.0
2011-02-09,6.85,6.97,6.81,6.9,2293688.0
2011-02-10,6.84,7.08,6.78,7.06,3866898.0
2011-02-11,7.07,7.27,7.03,7.21,4426365.0
2011-02-14,7.21,7.29,7.16,7.25,4267087.0
2011-02-15,7.24,7.3,7.16,7.17,4409135.0
2011-02-16,7.17,7.31,7.15,7.31,4229099.0
2011-02-17,7.43,7.43,7.24,7.28,4675328.0
2011-02-18,7.23,7.3,7.17,7.21,3420939.0
2011-02-21,7.16,7.31,7.15,7.3,4731502.0
2011-02-22,7.3,7.55,7.14,7.47,12771646.0
2011-02-23,7.38,7.55,7.34,7.4,8940838.0
2011-02-24,7.38,7.51,7.31,7.47,6281854.0
2011-02-25,7.47,7.55,7.37,7.48,3593699.0
2011-02-28,7.51,7.62,7.39,7.6,5389634.0
2011-03-01,7.6,7.68,7.49,7.55,5197162.0
2011-03-02,7.5,7.58,7.36,7.55,4218196.0
2011-03-03,7.53,7.64,7.43,7.45,4417968.0
2011-03-04,7.45,7.56,7.39,7.55,3684126.0
2011-03-07,7.56,7.68,7.53,7.67,6256349.0
2011-03-08,7.67,7.76,7.62,7.68,4596934.0
2011-03-09,7.68,7.72,7.57,7.65,4952091.0
2011-03-10,7.68,7.69,7.55,7.59,3453426.0
2011-03-11,7.58,7.66,7.5,7.51,4891542.0
2011-03-14,7.5,7.73,7.5,7.72,5946697.0
2011-03-15,7.7,7.7,7.35,7.57,5263366.0
2011-03-16,7.58,7.79,7.56,7.77,6571577.0
2011-03-17,7.7,7.7,7.55,7.58,4906066.0
2011-03-18,7.64,7.87,7.64,7.79,8348738.0
2011-03-21,7.8,7.96,7.74,7.85,8177654.0
2011-03-22,7.81,7.89,7.65,7.75,4366353.0
2011-03-23,7.78,7.82,7.66,7.81,3812626.0
2011-03-24,7.81,8.01,7.78,7.9,7972716.0
2011-03-25,7.9,8.06,7.87,7.99,7625001.0
2011-03-28,7.93,7.94,7.68,7.69,17179436.0
2011-03-29,7.69,7.75,7.56,7.57,7362885.0
2011-03-30,7.58,7.63,7.42,7.51,5753656.0
2011-03-31,7.51,7.57,7.31,7.32,5068449.0
2011-04-01,7.32,7.48,7.32,7.46,3054962.0
2011-04-06,7.46,7.57,7.41,7.55,3984411.0
2011-04-07,7.55,7.6,7.48,7.55,3984351.0
2011-04-08,7.52,7.73,7.48,7.7,7812368.0
2011-04-11,7.65,7.78,7.6,7.67,6155059.0
2011-04-12,7.65,7.74,7.64,7.72,5127969.0
2011-04-13,7.7,7.8,7.64,7.79,5963433.0
2011-04-14,7.8,7.8,7.65,7.72,5158455.0
2011-04-15,7.72,7.74,7.55,7.72,5712325.0
2011-04-19,7.71,7.87,7.62,7.8,9037335.0
2011-04-20,7.8,7.89,7.76,7.82,6843593.0
2011-04-21,7.86,8.0,7.83,7.85,8158065.0
2011-04-22,7.81,7.98,7.8,7.94,7700097.0
2011-04-25,7.95,8.02,7.85,7.94,8603167.0
2011-04-26,7.94,7.94,7.7,7.85,9516121.0
2011-04-27,7.8,8.03,7.8,8.0,14981450.0
2011-04-28,8.0,8.04,7.3,7.58,14580400.0
2011-04-29,7.49,7.6,7.29,7.58,6118382.0
2011-05-03,7.5,7.68,7.46,7.65,4566350.0
2011-05-04,7.6,7.69,7.43,7.57,4544132.0
2011-05-05,7.57,7.62,7.43,7.5,3248814.0
2011-05-06,7.47,7.55,7.42,7.54,3323705.0
2011-05-09,7.54,7.56,7.44,7.48,3942873.0
2011-05-10,7.48,7.51,7.38,7.46,3747719.0
2011-05-11,7.58,7.7,7.52,7.63,9916840.0
2011-05-12,7.49,7.76,7.43,7.65,7357831.0
2011-05-13,7.62,7.79,7.6,7.79,7325735.0
2011-05-16,7.77,7.87,7.72,7.82,6549055.0
2011-05-17,7.78,7.94,7.66,7.88,8243634.0
2011-05-18,7.85,7.97,7.75,7.94,7412201.0
2011-05-19,7.93,8.17,7.86,7.87,12177815.0
2011-05-20,7.87,8.05,7.83,7.97,9398322.0
2011-05-23,7.95,8.05,7.37,7.42,8469670.0
2011-05-24,7.42,7.56,7.29,7.53,4130238.0
2011-05-25,7.5,7.57,7.37,7.44,3173114.0
2011-05-26,7.44,7.52,7.37,7.37,3163630.0
2011-05-27,7.34,7.37,6.94,7.07,5527872.0
2011-05-30,7.05,7.07,6.75,6.89,3023565.0
2011-05-31,6.93,7.02,6.8,7.0,3164183.0
2011-06-01,6.98,7.04,6.94,7.02,1803701.0
2011-06-02,6.94,6.97,6.75,6.83,2317389.0
2011-06-03,6.88,6.99,6.84,6.95,1213381.0
2011-06-07,6.95,7.0,6.91,7.0,1646445.0
2011-06-08,6.95,7.05,6.95,7.04,2123178.0
2011-06-09,7.0,7.06,6.88,6.92,1760900.0
2011-06-10,6.86,6.93,6.7,6.92,2506021.0
2011-06-13,6.84,6.87,6.68,6.84,1557137.0
2011-06-14,6.84,6.99,6.8,6.94,2079537.0
2011-06-15,6.95,6.97,6.85,6.89,1458600.0
2011-06-16,6.82,6.84,6.55,6.55,2403075.0
2011-06-17,6.55,6.63,6.52,6.52,1959155.0
2011-06-20,6.53,6.55,6.36,6.52,1517700.0
2011-06-21,6.52,6.55,6.47,6.53,1145599.0
2011-06-22,6.55,6.59,6.46,6.52,1007639.0
2011-06-23,6.5,6.64,6.4,6.63,2612597.0
2011-06-24,6.58,6.8,6.58,6.74,3723736.0
2011-06-27,6.73,6.83,6.72,6.78,3250126.0
2011-06-28,6.78,6.79,6.68,6.75,1905729.0
2011-06-29,6.75,6.78,6.66,6.66,2685501.0
2011-06-30,6.7,6.79,6.67,6.75,2446452.0
2011-07-01,6.75,6.92,6.75,6.82,3490226.0
2011-07-04,6.81,6.93,6.81,6.91,3355826.0
2011-07-05,6.91,6.95,6.86,6.92,2968636.0
2011-07-06,6.9,7.0,6.86,6.95,3471718.0
2011-07-07,6.95,6.98,6.89,6.91,3274099.0
2011-07-08,6.88,6.92,6.82,6.91,2368937.0
2011-07-11,6.92,6.95,6.84,6.91,2885209.0
2011-07-12,6.88,6.94,6.82,6.93,3783522.0
2011-07-13,6.91,7.05,6.89,7.03,5857432.0
2011-07-14,7.03,7.14,6.97,7.06,4517292.0
2011-07-15,7.01,7.12,7.0,7.09,3055371.0
2011-07-18,7.08,7.15,6.97,7.0,3707614.0
2011-07-19,6.99,6.99,6.84,6.91,3266227.0
2011-07-20,6.91,6.98,6.83,6.89,2559496.0
2011-07-21,6.92,6.92,6.79,6.79,2841200.0
2011-07-22,6.83,6.84,6.75,6.8,2458937.0
2011-07-25,6.79,6.81,6.46,6.53,3360700.0
2011-07-26,6.52,6.6,6.46,6.6,1927483.0
2011-07-27,6.6,6.81,6.55,6.76,3648708.0
2011-07-28,6.71,6.73,6.64,6.7,1490821.0
2011-07-29,6.72,6.73,6.6,6.65,963816.0
2011-08-01,6.64,6.82,6.56,6.68,2726518.0
2011-08-02,6.67,6.67,6.5,6.62,1432612.0
2011-08-03,6.5,6.77,6.5,6.65,2756894.0
2011-08-04,6.66,6.71,6.62,6.67,1641629.0
2011-08-05,6.5,6.54,6.43,6.5,2150439.0
2011-08-08,6.43,6.56,6.15,6.41,9584470.0
2011-08-09,6.31,6.51,6.1,6.5,6190339.0
2011-08-10,6.5,6.56,6.36,6.38,10443120.0
2011-08-11,6.15,6.48,6.11,6.38,4322439.0
2011-08-12,6.4,6.52,6.4,6.48,4381614.0
2011-08-15,6.47,6.58,6.44,6.54,3998417.0
2011-08-16,6.55,6.56,6.45,6.47,3545199.0
2011-08-17,6.45,6.5,6.4,6.46,1629412.0
2011-08-18,6.43,6.58,6.43,6.56,6534454.0
2011-08-19,6.55,6.57,6.44,6.53,3832264.0
2011-08-22,6.52,6.86,6.52,6.7,10252402.0
2011-08-23,6.73,6.76,6.63,6.74,3785775.0
2011-08-24,6.71,6.85,6.67,6.75,4731998.0
2011-08-25,6.72,6.84,6.7,6.8,4233629.0
2011-08-26,6.8,6.87,6.72,6.79,3332003.0
2011-08-29,6.78,6.78,6.39,6.59,3892513.0
2011-08-30,6.59,6.73,6.58,6.59,3204602.0
2011-08-31,6.59,6.66,6.49,6.59,1810557.0
2011-09-01,6.59,6.76,6.57,6.68,3112559.0
2011-09-02,6.73,6.74,6.55,6.68,1798047.0
2011-09-05,6.67,6.67,6.52,6.55,2075304.0
2011-09-06,6.49,6.54,6.28,6.44,2529509.0
2011-09-07,6.44,6.53,6.35,6.51,2224085.0
2011-09-08,6.52,6.52,6.42,6.49,2138997.0
2011-09-09,6.46,6.58,6.46,6.53,1417771.0
2011-09-13,6.44,6.45,6.29,6.43,1069530.0
2011-09-14,6.46,6.54,6.36,6.52,1060476.0
2011-09-15,6.53,6.6,6.49,6.54,1683582.0
2011-09-16,6.58,6.58,6.46,6.49,2129800.0
2011-09-19,6.48,6.48,6.35,6.4,1885392.0
2011-09-20,6.38,6.43,6.32,6.41,1565610.0
2011-09-21,6.44,6.52,6.35,6.49,3523793.0
2011-09-22,6.45,6.48,6.19,6.26,3044412.0
2011-09-23,6.17,6.26,6.13,6.2,1508397.0
2011-09-26,6.15,6.2,6.04,6.06,1643490.0
2011-09-27,6.1,6.12,6.02,6.08,1708871.0
2011-09-28,6.11,6.11,5.8,5.89,2306698.0
2011-09-29,5.86,5.86,5.55,5.63,2485485.0
2011-09-30,5.63,5.68,5.48,5.61,983890.0
2011-10-10,5.62,5.68,5.54,5.58,896825.0
2011-10-11,5.68,5.75,5.47,5.58,1638010.0
2011-10-12,5.51,5.78,5.49,5.75,1425985.0
2011-10-13,5.73,5.82,5.73,5.79,1502586.0
2011-10-14,5.76,5.86,5.74,5.82,1878838.0
2011-10-17,5.82,5.85,5.73,5.81,1602257.0
2011-10-18,5.75,5.79,5.58,5.6,1687900.0
2011-10-19,5.66,5.66,5.53,5.61,1033952.0
2011-10-20,5.59,5.59,5.3,5.38,2084101.0
2011-10-21,5.38,5.41,5.31,5.31,728839.0
2011-10-24,5.34,5.37,5.15,5.36,1506237.0
2011-10-25,5.36,5.49,5.29,5.48,1774673.0
2011-10-26,5.43,5.54,5.42,5.48,1696048.0
2011-10-27,5.48,5.54,5.45,5.5,1739955.0
2011-10-28,5.54,5.59,5.51,5.58,2023102.0
2011-10-31,5.58,5.59,5.54,5.59,1671643.0
2011-11-01,5.56,5.62,5.51,5.61,1679712.0
2011-11-02,5.54,5.66,5.46,5.66,2897658.0
2011-11-03,5.66,5.8,5.66,5.67,3790696.0
2011-11-04,5.7,5.71,5.63,5.7,2052199.0
2011-11-07,5.69,5.72,5.65,5.66,1570977.0
2011-11-08,5.68,5.68,5.57,5.58,2266386.0
2011-11-09,5.58,5.63,5.52,5.63,1759618.0
2011-11-10,5.59,5.61,5.48,5.5,2208233.0
2011-11-11,5.5,5.57,5.49,5.51,1882182.0
2011-11-14,5.54,5.78,5.54,5.78,6322071.0
2011-11-15,5.74,6.36,5.72,6.36,23982924.0
2011-11-16,6.39,6.83,6.28,6.62,38932060.0
2011-11-17,6.62,6.73,6.45,6.55,13571796.0
2011-11-18,6.5,6.64,6.33,6.46,11007724.0
2011-11-21,6.38,6.57,6.31,6.4,7023081.0
2011-11-22,6.35,6.44,6.15,6.33,6643821.0
2011-11-23,6.32,6.33,6.12,6.14,6925075.0
2011-11-24,6.16,6.21,6.05,6.18,4808033.0
2011-11-25,6.2,6.2,5.88,5.9,6400518.0
2011-11-28,5.9,5.96,5.8,5.91,4171782.0
2011-11-29,5.95,6.2,5.91,6.17,7263073.0
2011-11-30,6.17,6.17,5.65,5.74,5762797.0
2011-12-01,5.95,6.0,5.78,5.8,5056440.0
2011-12-02,5.79,5.85,5.58,5.64,3217111.0
2011-12-05,5.64,5.64,5.31,5.35,3243549.0
2011-12-06,5.35,5.48,5.24,5.45,2225100.0
2011-12-07,5.45,5.48,5.38,5.45,2075053.0
2011-12-08,5.48,5.49,5.25,5.39,2377612.0
2011-12-09,5.35,5.41,5.28,5.28,1817670.0
2011-12-12,5.3,5.37,5.25,5.27,1511590.0
2011-12-13,5.25,5.25,5.0,5.06,3394290.0
2011-12-14,5.01,5.08,4.89,4.94,1577662.0
2011-12-15,4.86,4.91,4.79,4.89,2767327.0
2011-12-16,4.9,4.98,4.75,4.98,2384896.0
2011-12-19,4.93,4.99,4.81,4.96,1722129.0
2011-12-20,4.92,5.05,4.91,4.96,1412100.0
2011-12-21,5.05,5.05,4.82,4.82,1974335.0
2011-12-22,4.81,4.9,4.53,4.81,3024860.0
2011-12-23,4.75,4.88,4.71,4.81,1379172.0
2011-12-26,4.8,4.9,4.8,4.85,1468322.0
2011-12-27,4.83,4.84,4.6,4.72,1133104.0
2011-12-28,4.66,4.73,4.54,4.73,1277949.0
2011-12-29,4.68,4.76,4.57,4.63,2880640.0
2011-12-30,4.63,4.7,4.6,4.67,1598099.0
2012-01-04,4.7,4.72,4.5,4.57,1265753.0
2012-01-05,4.49,4.5,4.11,4.26,2431400.0
2012-01-06,4.2,4.29,4.12,4.28,1189528.0
2012-01-09,4.28,4.45,4.19,4.43,2118794.0
2012-01-10,4.42,4.64,4.36,4.62,2955947.0
2012-01-11,4.62,4.71,4.53,4.65,2811510.0
2012-01-12,4.66,4.7,4.58,4.59,2194098.0
2012-01-13,4.62,4.62,4.3,4.36,2814729.0
2012-01-16,4.3,4.35,4.2,4.21,1095796.0
2012-01-17,4.25,4.48,4.23,4.44,2208991.0
2012-01-18,4.45,4.55,4.33,4.36,2197997.0
2012-01-19,4.33,4.5,4.31,4.5,2140316.0
2012-01-20,4.48,4.56,4.48,4.53,1009373.0
2012-01-30,4.53,4.61,4.5,4.54,1448150.0
2012-01-31,4.52,4.56,4.47,4.56,931822.0
2012-02-01,4.56,4.6,4.49,4.52,1208826.0
2012-02-02,4.52,4.61,4.51,4.6,1910643.0
2012-02-03,4.6,4.77,4.6,4.74,3447492.0
2012-02-06,4.7,4.77,4.67,4.72,2200001.0
2012-02-07,4.71,4.71,4.55,4.61,1688122.0
2012-02-08,4.59,4.75,4.55,4.74,1793697.0
2012-02-09,4.74,4.83,4.69,4.82,2727341.0
2012-02-10,4.8,4.91,4.77,4.86,3290746.0
2012-02-13,4.87,4.91,4.8,4.87,2455067.0
2012-02-14,4.92,5.05,4.85,4.96,4459209.0
2012-02-15,4.95,5.01,4.87,5.0,3620878.0
2012-02-16,5.0,5.06,4.91,4.96,3384492.0
2012-02-17,4.99,5.03,4.9,5.01,3172845.0
2012-02-20,5.05,5.11,4.98,5.0,3035428.0
2012-02-21,4.99,5.05,4.88,5.05,2703213.0
2012-02-22,5.03,5.14,5.02,5.12,3812645.0
2012-02-23,5.12,5.14,5.03,5.06,3202683.0
2012-02-24,5.06,5.13,5.04,5.12,3668283.0
2012-02-27,5.12,5.25,5.11,5.12,4508761.0
2012-02-28,5.11,5.2,5.07,5.13,3274610.0
2012-02-29,5.15,5.15,5.02,5.02,2559596.0
2012-03-01,4.99,5.07,4.98,5.05,2214979.0
2012-03-02,5.06,5.2,5.06,5.16,3146733.0
2012-03-05,5.19,5.22,5.13,5.18,4594101.0
2012-03-06,5.13,5.23,5.13,5.18,3360149.0
2012-03-07,5.1,5.23,5.07,5.2,3401837.0
2012-03-08,5.2,5.39,5.2,5.3,5907282.0
2012-03-09,5.32,5.43,5.29,5.36,5402005.0
2012-03-12,5.35,5.36,5.25,5.3,3232030.0
2012-03-13,5.28,5.34,5.26,5.34,3015273.0
2012-03-14,5.34,5.4,5.01,5.07,5192567.0
2012-03-15,5.07,5.12,4.85,4.99,3651753.0
2012-03-16,4.89,5.02,4.87,5.01,5512924.0
2012-03-19,5.0,5.13,4.94,5.09,5363383.0
2012-03-20,5.08,5.15,4.96,4.96,3879042.0
2012-03-21,4.97,5.02,4.86,4.99,3910788.0
2012-03-22,4.96,5.02,4.95,4.96,2860758.0
2012-03-23,4.91,4.96,4.8,4.83,2737213.0
2012-03-26,4.82,4.84,4.75,4.78,1680603.0
2012-03-27,4.8,4.84,4.74,4.77,1460845.0
2012-03-28,4.76,4.76,4.51,4.57,2590474.0
2012-03-29,4.52,4.56,4.42,4.45,1999589.0
2012-03-30,4.45,4.49,4.42,4.46,1668025.0
2012-04-05,4.48,4.62,4.45,4.6,2188035.0
2012-04-06,4.59,4.72,4.58,4.64,2684417.0
2012-04-09,4.65,4.73,4.57,4.66,2382899.0
2012-04-10,4.63,4.69,4.49,4.68,1745443.0
2012-04-12,4.69,4.82,4.69,4.8,3941856.0
2012-04-13,4.83,4.91,4.77,4.88,2928518.0
2012-04-16,4.87,4.99,4.81,4.95,4322844.0
2012-04-17,4.94,5.03,4.9,4.98,7024598.0
2012-04-18,4.95,5.13,4.94,5.09,7883006.0
2012-04-19,5.11,5.15,5.03,5.09,5386449.0
2012-04-20,5.06,5.13,5.02,5.09,6151778.0
2012-04-23,5.05,5.22,5.02,5.09,11670047.0
2012-04-24,5.01,5.13,4.89,5.04,7468946.0
2012-04-25,5.01,5.15,4.99,5.15,8163134.0
2012-04-26,5.15,5.19,5.04,5.13,4749319.0
2012-04-27,5.1,5.16,5.01,5.14,5462226.0
2012-05-02,5.19,5.24,5.12,5.18,5572351.0
2012-05-03,5.16,5.2,5.13,5.18,3811077.0
2012-05-04,5.15,5.32,5.12,5.31,9992434.0
2012-05-07,5.29,5.5,5.25,5.36,8950239.0
2012-05-08,5.36,5.36,5.23,5.29,4565961.0
2012-05-09,5.25,5.4,5.13,5.24,7203580.0
2012-05-10,5.23,5.66,5.22,5.54,25410938.0
2012-05-11,5.45,5.75,5.37,5.54,24407132.0
2012-05-14,5.5,5.53,5.31,5.35,11848735.0
2012-05-15,5.31,5.43,5.17,5.4,11149980.0
2012-05-16,5.39,5.48,5.25,5.32,9873395.0
2012-05-17,5.32,5.34,5.12,5.27,10067836.0
2012-05-18,5.24,5.27,5.07,5.11,5338683.0
2012-05-21,5.09,5.17,5.03,5.12,2107399.0
2012-05-22,5.13,5.17,5.13,5.16,2356850.0
2012-05-23,5.16,5.19,5.01,5.1,5013622.0
2012-05-24,5.09,5.1,4.98,5.02,3246320.0
2012-05-25,5.04,5.07,4.9,5.02,6577106.0
2012-05-28,5.0,5.06,4.92,5.06,3942790.0
2012-05-29,5.07,5.16,5.05,5.15,5348373.0
2012-05-30,5.15,5.15,5.08,5.1,3053289.0
2012-05-31,5.09,5.12,5.04,5.06,2511607.0
2012-06-01,5.08,5.12,5.04,5.08,2727403.0
2012-06-04,5.03,5.03,4.85,4.89,2814000.0
2012-06-05,4.87,4.93,4.81,4.86,2068400.0
2012-06-06,4.88,4.89,4.76,4.81,2719632.0
2012-06-07,4.86,4.88,4.76,4.8,1481423.0
2012-06-08,4.82,4.85,4.77,4.8,1630570.0
2012-06-11,4.78,4.88,4.78,4.87,1700256.0
2012-06-12,4.83,4.85,4.81,4.85,1158309.0
2012-06-13,4.84,4.92,4.82,4.91,2465070.0
2012-06-14,4.9,4.92,4.86,4.89,1720205.0
2012-06-15,4.9,4.91,4.82,4.89,1337100.0
2012-06-18,4.9,4.91,4.88,4.9,1353020.0
2012-06-19,4.89,4.89,4.81,4.83,1801605.0
2012-06-20,4.82,4.84,4.77,4.81,2367081.0
2012-06-21,4.8,4.8,4.67,4.72,1538360.0
2012-06-25,4.69,4.7,4.59,4.6,1177200.0
2012-06-26,4.57,4.6,4.53,4.57,1931825.0
2012-06-27,4.55,4.61,4.55,4.58,1574553.0
2012-06-28,4.58,4.59,4.49,4.51,1213757.0
2012-06-29,4.5,4.55,4.44,4.55,1173126.0
2012-07-02,4.56,4.61,4.55,4.59,1441768.0
2012-07-03,4.6,4.64,4.56,4.62,2159080.0
2012-07-04,4.63,4.64,4.57,4.59,1174499.0
2012-07-05,4.57,4.57,4.45,4.5,1101801.0
2012-07-06,4.52,4.57,4.42,4.55,1197801.0
2012-07-09,4.47,4.55,4.42,4.46,1073600.0
2012-07-10,4.46,4.48,4.4,4.43,933870.0
2012-07-11,4.43,4.49,4.41,4.48,908080.0
2012-07-12,4.45,4.57,4.45,4.56,1767436.0
2012-07-13,4.55,4.57,4.54,4.56,1254260.0
2012-07-16,4.56,4.56,4.39,4.42,1270000.0
2012-07-17,4.42,4.43,4.39,4.43,1476568.0
2012-07-18,4.42,4.46,4.38,4.46,1339170.0
2012-07-19,4.44,4.58,4.41,4.55,2503319.0
2012-07-20,4.54,4.6,4.51,4.56,1727354.0
2012-07-23,4.53,4.55,4.49,4.53,887981.0
2012-07-24,4.53,4.63,4.51,4.61,1976330.0
2012-07-25,4.59,4.61,4.52,4.54,1451901.0
2012-07-26,4.57,4.6,4.53,4.55,1164900.0
2012-07-27,4.57,4.58,4.51,4.55,814100.0
2012-07-30,4.51,4.51,4.1,4.12,4811147.0
2012-07-31,4.07,4.19,4.04,4.1,1455165.0
2012-08-01,4.08,4.16,4.08,4.15,1163335.0
2012-08-02,4.15,4.15,4.1,4.13,860950.0
2012-08-03,4.3,4.3,4.14,4.2,1604707.0
2012-08-06,4.14,4.26,4.14,4.25,2129836.0
2012-08-07,4.26,4.28,4.22,4.28,1561060.0
2012-08-08,4.28,4.33,4.24,4.27,1641840.0
2012-08-09,4.28,4.33,4.23,4.33,1869003.0
2012-08-10,4.32,4.33,4.28,4.32,1243900.0
2012-08-13,4.29,4.31,4.2,4.23,1451938.0
2012-08-14,4.22,4.25,4.16,4.25,974910.0
2012-08-15,4.25,4.25,4.18,4.19,709400.0
2012-08-16,4.17,4.23,4.16,4.21,848410.0
2012-08-17,4.2,4.21,4.15,4.2,633498.0
2012-08-20,4.2,4.2,4.13,4.19,818911.0
2012-08-21,4.18,4.29,4.17,4.27,1924602.0
2012-08-22,4.28,4.32,4.25,4.26,1608128.0
2012-08-23,4.27,4.36,4.27,4.32,2090481.0
2012-08-24,4.32,4.33,4.21,4.25,1100050.0
2012-08-27,4.27,4.27,4.21,4.21,1331451.0
2012-08-28,4.21,4.35,4.21,4.25,1363500.0
2012-08-29,4.23,4.3,4.23,4.26,933150.0
2012-08-30,4.25,4.29,4.15,4.21,1156865.0
2012-08-31,4.22,4.26,4.17,4.25,551769.0
2012-09-03,4.26,4.3,4.25,4.27,1938558.0
2012-09-04,4.27,4.29,4.22,4.22,1487290.0
2012-09-05,4.22,4.26,4.16,4.25,1789384.0
2012-09-06,4.25,4.32,4.23,4.3,1354698.0
2012-09-07,4.31,4.44,4.3,4.41,4144026.0
2012-09-10,4.4,4.45,4.37,4.42,2681317.0
2012-09-11,4.42,4.42,4.36,4.38,1479554.0
2012-09-12,4.4,4.41,4.36,4.4,1775053.0
2012-09-13,4.4,4.43,4.38,4.39,2185201.0
2012-09-14,4.39,4.42,4.34,4.39,1623398.0
2012-09-17,4.38,4.39,4.22,4.25,2526800.0
2012-09-18,4.24,4.24,4.18,4.22,832300.0
2012-09-19,4.2,4.25,4.19,4.24,1052696.0
2012-09-20,4.23,4.24,4.06,4.08,1189100.0
2012-09-21,4.05,4.1,4.02,4.07,1196561.0
2012-09-24,4.03,4.12,4.0,4.09,1239565.0
2012-09-25,4.04,4.09,4.0,4.06,470000.0
2012-09-26,4.02,4.08,3.94,3.99,784389.0
2012-09-27,3.98,4.08,3.93,4.05,753949.0
2012-09-28,4.05,4.15,4.03,4.15,860259.0
2012-10-08,4.14,4.14,4.06,4.09,593070.0
2012-10-09,4.1,4.19,4.09,4.18,1081180.0
2012-10-10,4.18,4.24,4.16,4.23,1629811.0
2012-10-11,4.2,4.3,4.18,4.19,2371101.0
2012-10-12,4.2,4.27,4.18,4.2,1065147.0
2012-10-15,4.22,4.22,4.12,4.18,587790.0
2012-10-16,4.15,4.2,4.15,4.17,659600.0
2012-10-17,4.19,4.24,4.15,4.2,1565830.0
2012-10-18,4.2,4.28,4.2,4.26,2106921.0
2012-10-19,4.26,4.3,4.24,4.28,887900.0
2012-10-22,4.29,4.29,4.24,4.27,1484314.0
2012-10-23,4.27,4.34,4.22,4.23,2591901.0
2012-10-24,4.23,4.29,4.21,4.27,1719310.0
2012-10-26,4.26,4.27,4.04,4.13,3041988.0
2012-10-29,4.05,4.13,4.05,4.08,818140.0
2012-10-30,4.08,4.1,4.04,4.06,1346600.0
2012-10-31,4.06,4.07,4.01,4.07,642469.0
2012-11-01,4.05,4.17,4.05,4.13,1379101.0
2012-11-02,4.13,4.17,4.1,4.15,592190.0
2012-11-05,4.15,4.18,4.14,4.17,727200.0
2012-11-06,4.18,4.18,4.07,4.15,856500.0
2012-11-07,4.15,4.15,4.1,4.15,642711.0
2012-11-08,4.12,4.12,3.92,4.05,811499.0
2012-11-09,4.04,4.05,3.97,4.0,1314555.0
2012-11-12,4.01,4.05,3.97,4.05,1580932.0
2012-11-13,4.05,4.07,3.96,3.99,1082598.0
2012-11-14,4.0,4.02,3.94,3.99,636611.0
2012-11-15,3.99,4.01,3.92,3.94,512197.0
2012-11-16,3.94,3.98,3.86,3.93,739798.0
2012-11-19,3.88,3.94,3.88,3.94,444188.0
2012-11-20,3.96,3.99,3.92,3.95,456200.0
2012-11-21,3.94,4.0,3.87,3.99,1420591.0
2012-11-22,3.93,3.97,3.89,3.92,1179200.0
2012-11-23,3.9,3.95,3.9,3.94,612442.0
2012-11-26,3.92,3.96,3.86,3.89,602976.0
2012-11-27,3.9,3.9,3.74,3.79,1063500.0
2012-11-28,3.76,3.79,3.68,3.75,2058349.0
2012-11-29,3.76,3.77,3.71,3.74,899237.0
2012-11-30,3.72,3.78,3.71,3.76,626415.0
2012-12-03,4.01,4.03,3.72,3.77,2641530.0
2012-12-04,3.62,3.76,3.62,3.75,1338498.0
2012-12-05,3.73,3.93,3.71,3.91,3019764.0
2012-12-06,3.91,3.93,3.89,3.92,1570334.0
2012-12-07,3.86,4.01,3.83,4.01,1856196.0
2012-12-10,4.0,4.11,4.0,4.1,4270599.0
2012-12-11,4.05,4.15,4.05,4.1,2063490.0
2012-12-12,4.09,4.13,4.04,4.06,1195599.0
2012-12-13,4.06,4.06,3.98,3.99,891368.0
2012-12-14,4.0,4.14,3.99,4.13,2466151.0
2012-12-17,4.15,4.16,4.08,4.13,1126596.0
2012-12-18,4.11,4.21,4.11,4.16,2862322.0
2012-12-19,4.13,4.19,4.13,4.17,1096843.0
2012-12-20,4.16,4.16,4.1,4.14,762420.0
2012-12-21,4.15,4.15,4.07,4.1,1866205.0
2012-12-24,4.07,4.11,4.05,4.09,1133400.0
2012-12-25,4.07,4.18,4.06,4.16,2611015.0
2012-12-26,4.15,4.22,4.15,4.2,2018759.0
2012-12-27,4.2,4.26,4.17,4.19,2755508.0
2012-12-28,4.21,4.24,4.17,4.23,2245917.0
2012-12-31,4.23,4.29,4.22,4.29,2861618.0
2013-01-04,4.29,4.31,4.26,4.3,2610500.0
2013-01-07,4.29,4.37,4.26,4.37,3413374.0
2013-01-08,4.36,4.42,4.36,4.41,3585670.0
2013-01-09,4.42,4.47,4.37,4.42,3381121.0
2013-01-10,4.42,4.45,4.37,4.42,1642700.0
2013-01-11,4.41,4.43,4.33,4.37,2202046.0
2013-01-14,4.34,4.55,4.34,4.53,3864395.0
2013-01-15,4.53,4.57,4.5,4.57,2290224.0
2013-01-16,4.53,4.57,4.48,4.53,2867111.0
2013-01-17,4.54,4.56,4.46,4.5,1455299.0
2013-01-18,4.51,4.55,4.49,4.53,1080650.0
2013-01-21,4.56,4.65,4.51,4.59,3213099.0
2013-01-22,4.62,4.64,4.44,4.52,2987436.0
2013-01-23,4.48,4.53,4.43,4.51,1078717.0
2013-01-24,4.48,4.53,4.27,4.4,4721574.0
2013-01-25,4.32,4.37,4.3,4.34,1711763.0
2013-01-28,4.35,4.41,4.33,4.4,1842708.0
2013-01-29,4.38,4.48,4.38,4.46,1503100.0
2013-01-30,4.41,4.47,4.4,4.45,2015210.0
2013-01-31,4.42,4.45,4.35,4.44,2121401.0
2013-02-01,4.43,4.48,4.3,4.46,3515779.0
2013-02-04,4.44,4.48,4.38,4.43,1621850.0
2013-02-05,4.43,4.45,4.36,4.41,1671519.0
2013-02-06,4.41,4.44,4.4,4.43,1187035.0
2013-02-07,4.43,4.43,4.3,4.42,4054200.0
2013-02-08,4.38,4.51,4.37,4.49,4317549.0
2013-02-18,4.47,4.53,4.46,4.51,2218322.0
2013-02-19,4.51,4.52,4.45,4.46,1988059.0
2013-02-20,4.48,4.51,4.44,4.5,1411349.0
2013-02-21,4.49,4.5,4.38,4.42,2372997.0
2013-02-22,4.41,4.43,4.36,4.41,759202.0
2013-02-25,4.41,4.47,4.4,4.44,1445670.0
2013-02-26,4.44,4.44,4.37,4.37,1620301.0
2013-02-27,4.37,4.41,4.36,4.38,1073021.0
2013-02-28,4.39,4.45,4.37,4.44,1862245.0
2013-03-01,4.44,4.55,4.42,4.55,3902781.0
2013-03-04,4.53,4.82,4.5,4.76,12789940.0
2013-03-05,4.77,4.89,4.71,4.81,7743621.0
2013-03-06,4.83,4.83,4.7,4.78,4748756.0
2013-03-07,4.77,4.85,4.74,4.82,4189338.0
2013-03-08,4.84,4.84,4.68,4.75,2418707.0
2013-03-11,4.73,4.81,4.7,4.78,1961587.0
2013-03-12,4.79,4.79,4.6,4.66,2489918.0
2013-03-13,4.67,4.72,4.52,4.7,3349187.0
2013-03-14,4.68,4.69,4.59,4.64,1440310.0
2013-03-15,4.64,4.65,4.55,4.65,2160048.0
2013-03-18,4.64,4.64,4.57,4.6,945127.0
2013-03-19,4.59,4.63,4.55,4.59,1268702.0
2013-03-20,4.56,4.66,4.56,4.65,1787896.0
2013-03-21,4.65,4.75,4.64,4.72,2184090.0
2013-03-22,4.72,4.75,4.7,4.72,1242999.0
2013-03-25,4.72,4.74,4.71,4.72,989017.0
2013-03-26,4.72,4.73,4.67,4.7,1213386.0
2013-03-27,4.68,4.72,4.66,4.71,1307712.0
2013-03-28,4.76,5.13,4.75,4.96,10504994.0
2013-03-29,4.95,5.0,4.8,4.88,5724251.0
2013-04-01,4.8,4.89,4.76,4.82,2636772.0
2013-04-02,4.8,4.84,4.72,4.76,2129596.0
2013-04-03,4.78,4.78,4.58,4.7,2632048.0
2013-04-08,4.61,4.62,4.49,4.6,2223589.0
2013-04-09,4.58,4.69,4.56,4.67,1827017.0
2013-04-10,4.69,4.69,4.57,4.63,1269374.0
2013-04-11,4.62,4.67,4.6,4.61,558300.0
2013-04-12,4.61,4.63,4.57,4.62,1274290.0
2013-04-15,4.6,4.65,4.57,4.64,1298199.0
2013-04-16,4.62,4.67,4.61,4.67,1152560.0
2013-04-17,4.68,4.79,4.66,4.78,2171149.0
2013-04-18,4.76,4.79,4.73,4.77,1291703.0
2013-04-19,4.79,4.82,4.75,4.79,2012019.0
2013-04-22,4.77,4.93,4.76,4.93,3429938.0
2013-04-23,4.95,4.97,4.78,4.81,2753226.0
2013-04-24,4.8,4.87,4.77,4.85,1695713.0
2013-04-25,4.83,4.86,4.8,4.82,1736667.0
2013-04-26,4.81,4.84,4.61,4.68,1910565.0
2013-05-02,4.68,4.71,4.59,4.7,1107330.0
2013-05-03,4.7,4.83,4.7,4.81,2278101.0
2013-05-06,4.81,4.92,4.8,4.9,3836499.0
2013-05-07,4.9,4.9,4.86,4.89,1888246.0
2013-05-08,4.92,4.97,4.88,4.93,2207574.0
2013-05-09,4.87,5.03,4.86,5.0,5059463.0
2013-05-10,4.97,5.34,4.95,5.17,8483101.0
2013-05-13,5.25,5.25,5.03,5.15,4443449.0
2013-05-14,5.11,5.23,5.11,5.18,5127874.0
2013-05-15,5.18,5.64,5.16,5.49,12584494.0
2013-05-16,5.48,5.82,5.41,5.79,12267192.0
2013-05-17,5.79,5.85,5.69,5.77,9413424.0
2013-05-20,5.76,5.83,5.68,5.78,7301594.0
2013-05-21,5.76,6.05,5.75,5.87,8482936.0
2013-05-22,5.86,5.92,5.64,5.67,7087519.0
2013-05-23,5.67,5.73,5.59,5.71,4064228.0
2013-05-24,5.66,5.92,5.66,5.87,4910666.0
2013-05-27,5.87,5.89,5.79,5.87,4271159.0
2013-05-28,5.87,6.11,5.85,6.1,7965315.0
2013-05-29,6.05,6.22,6.0,6.11,8318924.0
2013-05-30,6.15,6.15,5.96,6.05,4597839.0
2013-05-31,6.01,6.09,5.92,6.02,3117593.0
2013-06-03,6.02,6.11,5.98,6.05,3245804.0
2013-06-04,6.05,6.08,5.75,5.8,4861061.0
2013-06-05,5.8,5.9,5.75,5.89,2842604.0
2013-06-06,6.08,6.48,6.08,6.3,16153757.0
2013-06-07,6.28,6.38,6.06,6.1,10023582.0
2013-06-13,5.92,6.08,5.49,5.8,6199791.0
2013-06-14,5.68,5.92,5.68,5.88,3365251.0
2013-06-17,5.88,5.91,5.58,5.72,5816483.0
2013-06-18,5.72,5.8,5.67,5.72,3152726.0
2013-06-19,5.69,5.75,5.55,5.65,2499548.0
2013-06-20,5.61,5.73,5.44,5.45,2635598.0
2013-06-21,5.4,5.59,5.35,5.46,2716066.0
2013-06-24,5.4,5.59,4.99,5.09,3536800.0
2013-06-25,4.95,5.19,4.72,5.1,5991670.0
2013-06-26,5.13,5.36,5.03,5.33,4683887.0
2013-06-27,5.33,5.53,5.24,5.45,5676960.0
2013-06-28,5.7,5.89,5.58,5.7,12014852.0
2013-07-01,5.58,5.7,5.56,5.68,5560721.0
2013-07-02,5.66,5.69,5.57,5.63,4069783.0
2013-07-03,5.6,5.64,5.42,5.49,5132784.0
2013-07-04,5.5,5.68,5.44,5.64,5977028.0
2013-07-05,5.6,5.67,5.35,5.52,3118424.0
2013-07-08,5.4,5.52,5.12,5.32,2944651.0
2013-07-09,5.2,5.4,5.2,5.26,2605493.0
2013-07-10,5.3,5.38,5.15,5.36,3691011.0
2013-07-11,5.39,5.55,5.32,5.47,4038007.0
2013-07-12,5.45,5.52,5.33,5.38,3175370.0
2013-07-15,5.38,5.49,5.38,5.47,2981884.0
2013-07-16,5.42,5.57,5.42,5.55,3929818.0
2013-07-17,5.56,5.59,5.46,5.52,3532728.0
2013-07-18,5.52,5.54,5.24,5.28,4584178.0
2013-07-19,5.26,5.36,5.18,5.26,5208124.0
2013-07-22,5.23,5.28,5.06,5.22,2988990.0
2013-07-23,5.24,5.33,5.17,5.3,2956065.0
2013-07-24,5.28,5.3,5.12,5.2,2781835.0
2013-07-25,5.2,5.37,5.2,5.31,3297668.0
2013-07-26,5.26,5.34,5.18,5.29,1706907.0
2013-07-29,5.31,5.45,5.3,5.45,4445076.0
2013-07-30,5.49,5.51,5.27,5.37,5764110.0
2013-07-31,5.37,5.43,5.23,5.25,3633065.0
2013-08-01,5.25,5.31,5.18,5.3,4189106.0
2013-08-02,5.3,5.48,5.26,5.33,3690759.0
2013-08-05,5.33,5.38,5.27,5.37,2741512.0
2013-08-06,5.36,5.36,5.24,5.33,3926995.0
2013-08-07,5.33,5.39,5.21,5.35,6319986.0
2013-08-08,5.32,5.35,5.27,5.31,2497500.0
2013-08-09,5.31,5.32,5.25,5.27,2960407.0
2013-08-12,5.28,5.35,5.26,5.34,3372017.0
2013-08-13,5.37,5.38,5.3,5.34,2509954.0
2013-08-14,5.35,5.55,5.34,5.43,9744909.0
2013-08-15,5.39,5.51,5.38,5.4,4718469.0
2013-08-16,5.32,5.42,5.22,5.31,4497745.0
2013-08-19,5.3,5.35,5.22,5.31,2676993.0
2013-08-20,5.28,5.33,5.23,5.29,2058157.0
2013-08-21,5.3,5.31,5.25,5.29,1722860.0
2013-08-22,5.29,5.3,5.26,5.27,1766217.0
2013-08-23,5.31,5.31,5.18,5.21,3176123.0
2013-08-26,5.21,5.27,5.19,5.27,3472516.0
2013-08-27,5.28,5.48,5.28,5.38,6354635.0
2013-08-28,5.32,5.37,5.26,5.31,3412529.0
2013-08-29,5.31,5.35,5.25,5.31,1744229.0
2013-08-30,5.31,5.31,5.16,5.24,3544959.0
2013-09-02,5.24,5.27,5.2,5.26,1890665.0
2013-09-03,5.25,5.34,5.25,5.34,3112904.0
2013-09-04,5.35,5.35,5.25,5.28,2768599.0
2013-09-05,5.25,5.29,5.25,5.26,1607980.0
2013-09-06,5.26,5.28,5.18,5.24,2825057.0
2013-09-09,5.23,5.29,5.21,5.27,2438645.0
2013-09-10,5.29,5.37,5.28,5.35,5611315.0
2013-09-11,5.39,5.46,5.33,5.37,6209262.0
2013-09-12,5.37,5.59,5.36,5.46,10537325.0
2013-09-13,5.52,5.68,5.43,5.47,6370742.0
2013-09-16,5.47,5.52,5.37,5.45,4323901.0
2013-09-17,5.45,5.47,5.37,5.43,3379868.0
2013-09-18,5.43,5.49,5.42,5.47,3210618.0
2013-09-23,5.47,5.53,5.46,5.51,4715362.0
2013-09-24,5.51,5.57,5.4,5.51,6619342.0
2013-09-25,5.51,5.62,5.49,5.52,5457661.0
2013-09-26,5.52,5.55,5.35,5.48,3584100.0
2013-09-27,5.47,5.48,5.38,5.41,2888900.0
2013-09-30,5.45,5.46,5.23,5.3,3926534.0
2013-10-08,5.3,5.3,5.2,5.28,4475633.0
2013-10-09,5.27,5.31,5.22,5.31,4948675.0
2013-10-10,5.3,5.3,5.21,5.24,4259964.0
2013-10-11,5.24,5.28,5.23,5.26,3920440.0
2013-10-14,5.29,5.39,5.29,5.39,5523339.0
2013-10-15,5.41,5.43,5.33,5.41,4462960.0
2013-10-16,5.4,5.41,5.24,5.27,3493561.0
2013-10-17,5.28,5.32,5.26,5.27,2564913.0
2013-10-18,5.26,5.3,5.2,5.26,2902774.0
2013-10-21,5.25,5.64,5.21,5.55,13552623.0
2013-10-22,5.51,5.56,5.45,5.48,7088525.0
2013-10-23,5.47,5.52,5.25,5.3,7415101.0
2013-10-24,5.26,5.34,5.26,5.27,2767685.0
2013-10-25,5.27,5.31,5.21,5.25,2841302.0
2013-10-28,5.23,5.26,4.96,5.04,4567311.0
2013-10-29,5.02,5.06,4.72,4.87,3930456.0
2013-10-30,4.86,4.95,4.82,4.94,1638966.0
2013-10-31,4.92,4.97,4.84,4.95,2458755.0
2013-11-01,4.95,4.96,4.89,4.92,1501636.0
2013-11-04,4.92,4.97,4.9,4.97,1286224.0
2013-11-05,4.95,5.0,4.88,5.0,1921831.0
2013-11-06,4.99,5.0,4.93,4.95,2118211.0
2013-11-07,4.96,4.96,4.82,4.88,1920030.0
2013-11-08,4.87,4.88,4.73,4.77,1904396.0
2013-11-11,4.77,4.8,4.72,4.79,940037.0
2013-11-12,4.79,4.82,4.76,4.81,1061408.0
2013-11-13,4.81,4.81,4.68,4.7,1694828.0
2013-11-14,4.7,4.93,4.7,4.83,3594129.0
2013-11-15,4.83,4.92,4.8,4.91,4306609.0
2013-11-18,4.94,4.95,4.88,4.94,3384152.0
2013-11-19,4.94,4.94,4.9,4.94,2525305.0
2013-11-20,4.93,4.97,4.92,4.96,2238095.0
2013-11-21,5.0,5.15,5.0,5.05,6323532.0
2013-11-22,5.02,5.03,4.93,4.99,2632755.0
2013-11-25,4.98,5.07,4.95,5.0,2469400.0
2013-11-26,4.99,5.03,4.95,4.97,1631541.0
2013-11-27,4.97,5.0,4.94,4.98,1998875.0
2013-11-28,5.0,5.05,4.97,5.03,2581807.0
2013-11-29,5.03,5.03,4.99,5.02,2651855.0
2013-12-02,4.95,4.97,4.7,4.75,5052015.0
2013-12-03,4.75,4.89,4.74,4.86,2345051.0
2013-12-04,4.87,4.93,4.82,4.91,2293102.0
2013-12-05,4.9,4.95,4.88,4.93,1872562.0
2013-12-06,4.93,5.01,4.92,4.97,2634431.0
2013-12-09,4.97,5.02,4.94,4.97,1252679.0
2013-12-10,4.98,5.03,4.98,5.02,2326362.0
2013-12-11,5.03,5.03,4.88,4.93,1866286.0
2013-12-12,4.92,4.93,4.8,4.86,3262080.0
2013-12-13,4.84,4.98,4.8,4.86,11226357.0
2013-12-16,4.82,4.87,4.63,4.64,9350719.0
2013-12-17,4.65,4.67,4.57,4.59,4353853.0
2013-12-18,4.61,4.62,4.56,4.57,2708244.0
2013-12-19,4.58,4.61,4.49,4.5,3312975.0
2013-12-20,4.5,4.52,4.44,4.46,2696246.0
2013-12-23,4.5,4.52,4.44,4.49,2367630.0
2013-12-24,4.48,4.54,4.47,4.53,2537765.0
2013-12-25,4.53,4.59,4.51,4.57,2312822.0
2013-12-26,4.58,4.58,4.49,4.5,1980233.0
2013-12-27,4.48,4.59,4.47,4.57,2641348.0
2013-12-30,4.57,4.6,4.52,4.53,2594664.0
2013-12-31,4.51,4.62,4.51,4.6,3411857.0
2014-01-02,4.58,4.6,4.55,4.59,2823022.0
2014-01-03,4.57,4.59,4.52,4.54,1630567.0
2014-01-06,4.54,4.54,4.34,4.35,3208903.0
2014-01-07,4.35,4.35,3.96,4.28,2404302.0
2014-01-08,4.28,4.39,4.28,4.33,2459776.0
2014-01-09,4.32,4.36,4.29,4.3,3164016.0
2014-01-10,4.29,4.3,4.24,4.29,2076364.0
2014-01-13,4.29,4.3,4.18,4.23,1808593.0
2014-01-14,4.21,4.3,4.2,4.3,1557950.0
2014-01-15,4.29,4.29,4.23,4.27,1952583.0
2014-01-16,4.27,4.41,4.25,4.31,1451467.0
2014-01-17,4.29,4.3,4.25,4.26,943821.0
2014-01-20,4.23,4.28,4.2,4.24,1021588.0
2014-01-21,4.24,4.3,4.24,4.29,997958.0
2014-01-22,4.29,4.48,4.26,4.42,3194119.0
2014-01-23,4.4,4.51,4.38,4.43,2997274.0
2014-01-24,4.43,4.49,4.4,4.46,2261369.0
2014-01-27,4.45,4.5,4.42,4.48,1792614.0
2014-01-28,4.48,4.61,4.46,4.57,6144955.0
2014-01-29,4.58,4.59,4.51,4.53,3082400.0
2014-01-30,4.51,4.56,4.47,4.51,2125965.0
2014-02-07,4.52,4.53,4.44,4.53,1280621.0
2014-02-10,4.52,4.61,4.52,4.61,3880281.0
2014-02-11,4.64,4.75,4.64,4.65,5735853.0
2014-02-12,4.64,4.67,4.58,4.66,3561791.0
2014-02-13,4.66,4.71,4.59,4.62,3956127.0
2014-02-14,4.6,4.71,4.56,4.7,3714589.0
2014-02-17,4.72,4.74,4.68,4.71,3752608.0
2014-02-18,4.71,4.73,4.65,4.66,2684800.0
2014-02-19,4.64,4.75,4.63,4.75,4323839.0
2014-02-20,4.74,4.77,4.64,4.65,3151281.0
2014-02-21,4.68,4.68,4.55,4.64,2366596.0
2014-02-24,4.61,4.64,4.48,4.5,2832078.0
2014-02-25,4.51,4.55,4.28,4.36,4294952.0
2014-02-26,4.32,4.38,4.3,4.38,1530465.0
2014-02-27,4.36,4.48,4.3,4.44,5969169.0
2014-02-28,4.42,4.57,4.37,4.54,4732897.0
2014-03-03,4.53,4.69,4.52,4.68,4163372.0
2014-03-04,4.65,4.7,4.6,4.67,3099545.0
2014-03-05,4.66,4.8,4.6,4.69,10503965.0
2014-03-06,4.67,4.67,4.57,4.58,7446599.0
2014-03-07,4.57,4.65,4.54,4.62,7543291.0
2014-03-10,4.59,4.59,4.41,4.42,2921715.0
2014-03-11,4.41,4.42,4.34,4.36,3695163.0
2014-03-12,4.36,4.37,4.3,4.35,2335266.0
2014-03-13,4.36,4.4,4.34,4.38,2441256.0
2014-03-14,4.39,4.45,4.37,4.41,2669862.0
2014-03-17,4.41,4.46,4.37,4.45,2219753.0
2014-03-18,4.46,4.49,4.42,4.44,2485734.0
2014-03-19,4.44,4.5,4.41,4.48,2534448.0
2014-03-20,4.45,4.53,4.39,4.39,2908028.0
2014-03-21,4.38,4.5,4.36,4.49,2164366.0
2014-03-24,4.5,4.56,4.48,4.53,2953720.0
2014-03-25,4.54,4.58,4.51,4.56,2840321.0
2014-03-26,4.55,4.71,4.53,4.68,8822203.0
2014-03-27,4.67,4.67,4.54,4.54,3634773.0
2014-03-28,4.54,4.62,4.52,4.6,3014781.0
2014-03-31,4.6,4.65,4.45,4.55,2717312.0
2014-04-01,4.53,4.58,4.51,4.58,1566324.0
2014-04-02,4.56,4.69,4.56,4.64,4087071.0
2014-04-03,4.62,4.69,4.6,4.63,2547695.0
2014-04-04,4.64,4.74,4.62,4.7,3974037.0
2014-04-08,4.7,4.75,4.65,4.7,2750491.0
2014-04-09,4.73,4.73,4.67,4.7,2202573.0
2014-04-10,4.69,4.77,4.64,4.7,3864085.0
2014-04-11,4.66,4.72,4.65,4.66,2565389.0
2014-04-14,4.66,4.73,4.65,4.73,2404229.0
2014-04-15,4.69,4.69,4.6,4.62,3078802.0
2014-04-16,4.65,4.65,4.61,4.64,1238657.0
2014-04-17,4.66,4.66,4.6,4.63,1470353.0
2014-04-18,4.63,4.64,4.59,4.64,1286900.0
2014-04-21,4.63,4.63,4.51,4.52,1858227.0
2014-04-22,4.52,4.53,4.44,4.48,1811714.0
2014-04-23,4.49,4.5,4.4,4.47,1354098.0
2014-04-24,4.47,4.49,4.44,4.44,1019720.0
2014-04-25,4.43,4.45,4.38,4.38,1498847.0
2014-04-28,4.35,4.37,4.24,4.25,1576088.0
2014-04-29,4.3,4.31,4.25,4.29,1637974.0
2014-04-30,4.29,4.41,4.28,4.39,1701551.0
2014-05-05,4.36,4.53,4.36,4.52,2967321.0
2014-05-06,4.52,4.64,4.47,4.55,5695210.0
2014-05-07,4.53,4.53,4.43,4.44,2084599.0
2014-05-08,4.44,4.51,4.4,4.48,1152739.0
2014-05-09,4.46,4.5,4.4,4.42,982673.0
2014-05-12,4.43,4.53,4.43,4.53,1190264.0
2014-05-13,4.51,4.55,4.48,4.51,1436492.0
2014-05-14,4.51,4.51,4.47,4.5,794396.0
2014-05-15,4.48,4.54,4.37,4.37,1632921.0
2014-05-16,4.37,4.41,4.33,4.35,1033611.0
2014-05-19,4.35,4.37,4.3,4.35,891107.0
2014-05-20,4.34,4.4,4.33,4.36,719341.0
2014-05-21,4.36,4.39,4.33,4.38,802600.0
2014-05-22,4.38,4.44,4.37,4.38,1316595.0
2014-05-23,4.37,4.41,4.35,4.41,842082.0
2014-05-26,4.44,4.45,4.39,4.45,1598745.0
2014-05-27,4.49,4.62,4.46,4.47,4602308.0
2014-05-28,4.43,4.5,4.43,4.49,1425584.0
2014-05-29,4.48,4.49,4.39,4.39,1595000.0
2014-05-30,4.39,4.42,4.36,4.41,1597829.0
2014-06-03,4.4,4.45,4.4,4.43,1396415.0
2014-06-04,4.44,4.44,4.38,4.42,1391697.0
2014-06-05,4.38,4.45,4.36,4.44,1734006.0
2014-06-06,4.45,4.46,4.4,4.43,979782.0
2014-06-09,4.43,4.46,4.4,4.4,1209799.0
2014-06-10,4.4,4.45,4.4,4.45,1336777.0
2014-06-11,4.45,4.56,4.41,4.54,3124044.0
2014-06-12,4.58,4.59,4.47,4.51,3198023.0
2014-06-13,4.47,4.57,4.47,4.55,3198448.0
2014-06-16,4.53,4.61,4.52,4.55,2782040.0
2014-06-17,4.54,4.55,4.45,4.46,2366449.0
2014-06-18,4.46,4.47,4.41,4.44,2772670.0
2014-06-19,4.42,4.46,4.31,4.35,1778599.0
2014-06-20,4.35,4.44,4.33,4.41,1432129.0
2014-06-23,4.41,4.43,4.37,4.38,1437903.0
2014-06-24,4.38,4.4,4.36,4.39,1115970.0
2014-06-25,4.4,4.43,4.37,4.42,1485078.0
2014-06-26,4.42,4.47,4.41,4.47,2319634.0
2014-06-27,4.46,4.51,4.44,4.49,2427335.0
2014-06-30,4.66,4.79,4.57,4.59,9302811.0
2014-07-01,4.56,4.64,4.53,4.61,3891528.0
2014-07-02,4.59,4.63,4.55,4.6,3018879.0
2014-07-03,4.6,4.68,4.58,4.66,5251801.0
2014-07-04,4.68,4.68,4.58,4.62,3403221.0
2014-07-07,4.61,4.62,4.56,4.61,2286224.0
2014-07-08,4.59,4.84,4.59,4.73,6063828.0
2014-07-09,4.73,4.78,4.63,4.64,7124621.0
2014-07-10,4.62,4.67,4.62,4.64,2899646.0
2014-07-11,4.64,4.72,4.61,4.7,2865522.0
2014-07-14,4.7,4.8,4.68,4.79,5225313.0
2014-07-15,4.77,4.8,4.7,4.74,3760397.0
2014-07-16,4.74,4.77,4.68,4.71,3010256.0
2014-07-17,4.7,4.72,4.59,4.65,2932146.0
2014-07-18,4.64,4.7,4.61,4.66,2029978.0
2014-07-21,4.64,4.67,4.59,4.63,1918830.0
2014-07-22,4.63,4.7,4.63,4.69,3272769.0
2014-07-23,4.69,4.73,4.65,4.66,2550045.0
2014-07-24,4.66,4.69,4.6,4.65,2688808.0
2014-07-25,4.64,4.72,4.64,4.71,2967669.0
2014-07-28,4.71,4.8,4.71,4.78,6921402.0
2014-07-29,4.76,4.82,4.76,4.8,4836567.0
2014-07-30,4.8,4.82,4.76,4.81,3718131.0
2014-07-31,4.8,4.94,4.8,4.91,9234348.0
2014-08-01,4.9,4.95,4.84,4.86,7005756.0
2014-08-04,4.88,4.92,4.85,4.91,3840845.0
2014-08-05,4.91,4.99,4.87,4.96,4655545.0
2014-08-06,4.97,4.98,4.91,4.95,3972888.0
2014-08-07,4.95,4.95,4.83,4.87,5292764.0
2014-08-08,4.87,4.91,4.86,4.9,3117362.0
2014-08-11,4.89,4.98,4.88,4.95,4744573.0
2014-08-12,4.93,4.97,4.91,4.97,3138130.0
2014-08-13,4.98,5.01,4.94,4.99,4443824.0
2014-08-14,4.98,5.06,4.95,5.0,6918882.0
2014-08-15,5.01,5.12,4.98,5.08,5872045.0
2014-08-18,5.13,5.27,5.12,5.17,9868877.0
2014-08-19,5.2,5.26,5.13,5.25,7353806.0
2014-08-20,5.25,5.78,5.24,5.78,20386792.0
2014-08-21,5.95,6.18,5.71,5.91,45511680.0
2014-08-22,5.82,5.94,5.63,5.79,17468616.0
2014-08-25,5.76,6.06,5.76,6.01,19128452.0
2014-08-26,5.9,5.94,5.6,5.66,14711751.0
2014-08-27,5.61,5.7,5.52,5.64,9360511.0
2014-08-28,5.65,6.1,5.65,5.98,22876200.0
2014-08-29,6.18,6.58,6.18,6.58,25814030.0
2014-09-01,6.9,7.1,6.48,6.83,37747876.0
2014-09-02,6.68,7.51,6.68,7.51,43528844.0
2014-09-03,7.52,7.87,7.33,7.53,35327148.0
2014-09-04,7.4,7.49,7.27,7.42,22101148.0
2014-09-05,7.37,7.43,6.97,7.21,30207148.0
2014-09-09,7.14,7.28,7.03,7.27,22508292.0
2014-09-10,7.15,7.46,7.08,7.29,19701760.0
2014-09-11,7.29,7.46,7.18,7.26,15789620.0
2014-09-12,7.27,7.82,7.18,7.61,29356076.0
2014-09-15,7.55,7.66,7.35,7.47,15023947.0
2014-09-16,7.45,7.45,6.72,6.88,29703204.0
2014-09-17,6.8,6.97,6.69,6.84,10990648.0
2014-09-18,6.83,6.98,6.69,6.78,11176684.0
2014-09-19,6.79,6.92,6.75,6.88,7209857.0
2014-09-22,6.89,6.9,6.52,6.6,10611919.0
2014-09-23,6.57,6.76,6.57,6.71,6813563.0
2014-09-24,6.73,6.84,6.61,6.81,8354522.0
2014-09-25,6.81,6.99,6.76,6.8,10345101.0
2014-09-26,6.81,6.86,6.71,6.78,6007497.0
2014-09-29,6.82,6.98,6.77,6.98,11459233.0
2014-09-30,6.98,7.04,6.88,6.97,8320772.0
2014-10-08,6.94,7.02,6.91,7.01,8584781.0
2014-10-09,6.95,7.6,6.95,7.37,22148550.0
2014-10-10,7.26,7.81,7.2,7.55,21536764.0
2014-10-13,7.54,7.78,7.32,7.75,12886684.0
2014-10-14,7.75,7.98,7.55,7.56,15832504.0
2014-10-15,7.62,7.68,7.29,7.39,10327146.0
2014-10-16,7.35,7.76,7.27,7.54,13191783.0
2014-10-17,7.48,7.55,7.0,7.36,12695088.0
2014-10-20,7.36,7.5,7.21,7.38,5711684.0
2014-10-21,7.43,7.5,7.27,7.5,5622188.0
2014-10-22,7.5,7.56,7.18,7.19,4864101.0
2014-10-23,7.18,7.33,6.8,6.94,6238032.0
2014-10-24,6.89,7.09,6.78,6.97,3962843.0
2014-10-27,6.94,7.15,6.85,7.14,2664419.0
2014-10-28,7.14,7.43,7.13,7.4,5035315.0
2014-10-29,7.35,7.49,7.32,7.39,7947215.0
2014-10-30,7.28,7.51,7.28,7.49,8475561.0
2014-10-31,7.51,7.61,7.25,7.27,8288161.0
2014-11-03,7.21,7.36,7.2,7.23,5742705.0
2014-11-04,7.2,7.36,7.1,7.15,5654835.0
2014-11-05,7.1,7.19,7.04,7.11,3974029.0
2014-11-06,7.15,7.21,7.04,7.19,3440812.0
2014-11-07,7.21,7.24,7.02,7.07,4120699.0
2014-11-10,7.07,7.15,7.02,7.13,3072072.0
2014-11-11,7.13,7.15,6.56,6.64,7333798.0
2014-11-12,6.67,6.89,6.65,6.86,4349743.0
2014-11-13,6.86,6.89,6.7,6.79,4328172.0
2014-11-14,6.76,6.81,6.69,6.74,3245324.0
2014-11-17,6.7,6.89,6.7,6.86,2186366.0
2014-11-18,6.86,7.01,6.76,6.98,3120249.0
2014-11-19,6.97,7.07,6.9,7.02,3628439.0
2014-11-20,6.96,7.06,6.91,6.91,2992403.0
2014-11-21,6.91,6.97,6.68,6.78,7412224.0
2014-11-24,6.8,6.83,6.74,6.8,5941753.0
2014-11-25,6.8,7.03,6.75,6.96,7833530.0
2014-11-26,6.95,7.02,6.88,6.98,5586865.0
2014-11-27,7.01,7.28,6.93,7.19,10349060.0
2014-11-28,7.16,7.21,7.05,7.11,6243801.0
2014-12-01,7.05,7.11,6.8,6.93,7074447.0
2014-12-02,6.92,7.04,6.84,7.02,5838957.0
2014-12-03,6.96,7.02,6.9,6.95,7548179.0
2014-12-04,6.96,7.23,6.96,7.05,12328509.0
2014-12-05,7.05,7.08,6.58,6.64,12756741.0
2014-12-08,6.64,6.77,6.51,6.68,6562552.0
2014-12-09,6.67,6.67,6.21,6.21,8469717.0
2014-12-10,6.25,6.75,6.25,6.62,5889154.0
2014-12-11,6.64,6.83,6.6,6.69,5699276.0
2014-12-12,6.63,6.81,6.6,6.77,4315314.0
2014-12-15,6.76,7.08,6.71,7.04,9399336.0
2014-12-16,7.07,7.69,7.01,7.55,23112728.0
2014-12-17,7.44,7.64,7.19,7.3,12659628.0
2014-12-18,7.3,7.44,7.19,7.3,6409879.0
2014-12-19,7.26,7.35,6.8,7.22,11479680.0
2014-12-22,7.16,7.16,6.67,6.76,12788082.0
2014-12-23,6.7,6.84,6.33,6.38,5883942.0
2014-12-24,6.46,6.98,6.46,6.84,5589650.0
2014-12-25,6.88,6.93,6.63,6.82,5055304.0
2014-12-26,6.82,6.83,6.7,6.74,2779213.0
2014-12-29,6.7,6.89,6.6,6.72,4216980.0
2014-12-30,6.7,6.72,6.43,6.48,3436914.0
2014-12-31,6.51,6.57,6.35,6.45,3639219.0
2015-01-05,6.49,6.54,6.35,6.53,4628844.0
2015-01-06,6.53,6.65,6.35,6.59,4917696.0
2015-01-07,6.57,6.57,6.37,6.44,7016783.0
2015-01-08,6.1,6.4,6.09,6.15,20860324.0
2015-01-09,6.04,6.05,5.9,5.96,26950656.0
2015-01-12,5.95,5.95,5.61,5.73,14815693.0
2015-01-13,5.68,5.82,5.66,5.79,7114618.0
2015-01-14,5.8,5.84,5.71,5.76,4162186.0
2015-01-15,5.76,5.82,5.73,5.82,4054688.0
2015-01-16,5.82,5.88,5.77,5.86,4636061.0
2015-01-19,5.82,5.82,5.53,5.69,6841359.0
2015-01-20,5.68,5.85,5.67,5.85,5429762.0
2015-01-21,5.86,6.01,5.83,6.0,8846337.0
2015-01-22,6.01,6.3,5.93,6.29,13510627.0
2015-01-23,6.26,6.32,6.11,6.19,12631424.0
2015-01-26,6.13,6.36,6.11,6.26,11240888.0
2015-01-27,6.25,6.35,6.14,6.33,16423918.0
2015-01-28,6.31,6.42,6.15,6.28,22595950.0
2015-01-29,6.18,6.25,6.15,6.17,7272400.0
2015-01-30,6.16,6.21,5.95,5.98,20526538.0
2015-02-02,5.96,6.06,5.85,5.99,14274352.0
2015-02-03,5.97,6.05,5.88,5.95,16702005.0
2015-02-04,5.96,6.04,5.92,5.92,9285542.0
2015-02-05,5.97,5.98,5.82,5.87,7249900.0
2015-02-06,5.85,5.88,5.74,5.78,5480199.0
2015-02-09,5.75,5.83,5.72,5.73,3347836.0
2015-02-10,5.7,5.78,5.7,5.76,3082763.0
2015-02-11,5.77,5.84,5.77,5.8,6253433.0
2015-02-12,5.81,5.86,5.8,5.86,6245800.0
2015-02-13,5.88,6.07,5.86,6.04,12963585.0
2015-02-16,6.04,6.11,6.0,6.05,10716220.0
2015-02-17,6.05,6.12,6.05,6.09,8217024.0
2015-02-25,6.1,6.14,6.05,6.13,8952347.0
2015-02-26,6.12,6.22,6.09,6.19,8539658.0
2015-02-27,6.19,6.28,6.17,6.23,13571429.0
2015-03-02,6.27,6.4,6.2,6.32,19467000.0
2015-03-03,6.27,6.31,6.2,6.24,19147296.0
2015-03-04,6.23,6.66,6.2,6.62,32937600.0
2015-03-05,6.57,6.78,6.46,6.73,30396856.0
2015-03-06,6.67,6.84,6.53,6.81,20469012.0
2015-03-09,6.72,6.96,6.61,6.64,33360230.0
2015-03-10,6.63,6.73,6.54,6.69,16226046.0
2015-03-11,6.67,6.84,6.65,6.83,15445374.0
2015-03-12,6.82,6.84,6.61,6.68,12683269.0
2015-03-13,6.67,6.9,6.63,6.84,12563937.0
2015-03-16,6.82,7.03,6.77,6.99,30156214.0
2015-03-17,7.01,7.5,7.01,7.28,35027572.0
2015-03-18,7.27,7.65,7.2,7.54,28110216.0
2015-03-19,7.5,7.67,7.2,7.32,53173816.0
2015-03-20,7.32,7.36,7.24,7.33,22577548.0
2015-03-23,7.32,7.44,7.29,7.36,24104516.0
2015-03-24,7.38,7.39,7.09,7.21,27997086.0
2015-03-25,7.2,7.28,7.07,7.23,23760468.0
2015-03-26,7.2,7.47,7.13,7.41,33202674.0
2015-03-27,7.38,7.68,7.32,7.56,34500876.0
2015-03-30,7.51,7.73,7.51,7.61,29563420.0
2015-03-31,7.6,7.8,7.49,7.53,28673912.0
2015-04-01,7.56,7.72,7.56,7.61,21313742.0
2015-04-02,7.63,7.97,7.61,7.89,31916544.0
2015-04-03,7.82,8.05,7.79,8.02,31069752.0
2015-04-07,8.1,8.17,7.92,8.07,35904780.0
2015-04-08,8.07,8.08,7.8,7.87,27240050.0
2015-04-09,7.88,7.91,7.33,7.61,24145908.0
2015-04-10,7.57,7.84,7.52,7.8,19207132.0
2015-04-13,7.81,8.58,7.77,8.46,51988416.0
2015-04-14,8.3,8.55,8.22,8.31,35230868.0
2015-04-15,8.31,8.4,7.98,8.01,20180376.0
2015-04-16,8.01,8.14,7.71,8.13,16582119.0
2015-04-17,8.15,8.32,8.06,8.1,20432988.0
2015-04-20,8.08,8.08,7.81,7.83,24205328.0
2015-04-21,7.9,8.1,7.8,8.09,17701186.0
2015-04-22,8.15,8.48,8.1,8.35,32079314.0
2015-04-23,8.36,8.64,8.24,8.51,31178552.0
2015-04-24,8.4,8.48,8.25,8.41,23385210.0
2015-04-27,8.48,8.87,8.4,8.75,35316636.0
2015-04-28,8.68,8.77,8.3,8.36,26175824.0
2015-04-29,8.32,8.87,8.29,8.8,30863580.0
2015-04-30,8.81,9.17,8.73,8.75,31894578.0
2015-05-04,8.74,9.26,8.5,9.17,31536706.0
2015-05-05,9.15,9.49,8.92,9.03,31044402.0
2015-05-06,9.01,9.28,8.75,8.95,23255116.0
2015-05-07,8.63,8.95,8.41,8.42,20600826.0
2015-05-08,8.52,8.78,8.43,8.77,21847664.0
2015-05-11,8.88,9.16,8.87,9.12,23143402.0
2015-05-12,9.18,9.89,9.03,9.8,40078776.0
2015-05-13,9.8,10.15,9.55,9.94,37200936.0
2015-05-14,9.91,10.62,9.81,10.45,36369536.0
2015-05-15,10.3,10.58,9.92,10.28,29049768.0
2015-05-18,10.27,11.04,10.0,10.86,25673368.0
2015-05-19,11.05,11.3,10.65,11.11,25624836.0
2015-05-20,11.0,11.98,10.86,11.26,27915790.0
2015-05-21,11.26,11.6,11.03,11.4,24190026.0
2015-05-22,11.62,11.8,11.12,11.59,32919246.0
2015-05-25,11.55,12.01,11.29,11.87,23382944.0
2015-05-26,11.87,12.41,11.7,12.26,26205956.0
2015-05-27,12.24,12.8,12.0,12.65,31722480.0
2015-05-28,12.68,13.92,12.4,13.63,54388000.0
2015-05-29,13.6,14.1,12.27,13.15,38709968.0
2015-06-01,13.3,14.47,13.3,14.47,37049672.0
2015-06-02,14.66,15.92,14.36,15.92,41561156.0
2015-06-03,16.01,17.51,16.0,17.51,50403936.0
2015-06-04,15.76,16.6,15.76,15.76,64360360.0
2015-06-05,15.36,16.49,14.5,15.39,77157672.0
2015-06-08,14.98,14.98,14.2,14.31,54605984.0
2015-06-09,14.01,14.65,13.68,14.2,38112464.0
2015-06-10,14.14,14.59,13.85,14.41,32136960.0
2015-06-11,14.39,14.58,13.94,14.26,33024052.0
2015-06-12,14.4,14.99,14.4,14.83,47288240.0
2015-06-15,15.0,15.1,14.4,14.42,34095480.0
2015-06-16,14.1,14.29,13.46,13.5,28858892.0
2015-06-17,13.43,14.05,12.15,13.81,41822920.0
2015-06-18,13.49,13.77,12.85,12.93,23670164.0
2015-06-19,12.62,12.75,11.64,11.64,23940784.0
2015-06-23,11.63,11.93,10.48,11.48,27529998.0
2015-06-24,11.64,11.95,11.5,11.88,25931952.0
2015-06-25,11.9,12.28,11.26,11.38,27250956.0
2015-06-26,10.95,11.09,10.24,10.24,25446744.0
2015-06-29,10.5,10.54,9.22,9.22,30871792.0
2015-06-30,8.91,9.79,8.3,9.69,43888096.0
2015-07-01,9.5,9.85,9.0,9.1,35825344.0
2015-07-02,9.33,9.4,8.19,8.2,32806760.0
2015-07-03,7.9,8.39,7.38,7.38,32791482.0
2015-07-06,8.12,8.12,6.64,6.67,43391252.0
2015-07-07,6.2,6.57,6.0,6.0,19245800.0
2015-07-08,5.4,5.4,5.4,5.4,8802800.0
2015-07-09,4.86,5.94,4.86,5.94,54660888.0
2015-07-10,6.2,6.53,6.15,6.53,25663792.0
2015-07-13,7.17,7.18,6.84,7.18,49000488.0
2015-07-14,7.44,7.9,7.2,7.89,88813080.0
2015-07-15,7.56,7.66,7.1,7.1,40233872.0
2015-07-16,6.45,7.45,6.43,7.11,44090964.0
2015-07-17,7.15,7.75,7.12,7.64,43691744.0
2015-07-20,7.7,8.05,7.51,7.9,58980240.0
2015-07-21,7.75,8.1,7.61,7.97,53842048.0
2015-07-22,7.92,8.15,7.75,8.09,48502108.0
2015-07-23,8.13,8.6,8.05,8.54,54457428.0
2015-07-24,8.5,8.9,8.14,8.32,59547636.0
2015-07-27,8.01,8.33,7.49,7.49,45450476.0
2015-07-28,6.9,7.43,6.74,6.94,43932696.0
2015-07-29,7.18,7.57,6.86,7.54,41024892.0
2015-07-30,7.41,7.87,7.25,7.35,40439184.0
2015-07-31,7.22,7.44,7.03,7.2,28052112.0
2015-08-03,7.08,7.18,6.48,6.72,33200612.0
2015-08-04,6.75,7.35,6.72,7.32,44628584.0
2015-08-05,7.27,7.9,7.22,7.71,71855232.0
2015-08-06,7.59,8.27,7.43,7.93,63329236.0
2015-08-07,7.9,8.18,7.81,8.11,50366908.0
2015-08-10,8.4,8.57,8.12,8.49,57247524.0
2015-08-11,8.4,9.16,8.25,8.59,69623424.0
2015-08-12,8.41,8.99,8.33,8.83,70025016.0
2015-08-13,8.82,9.71,8.7,9.71,98542840.0
2015-08-14,10.0,10.0,9.24,9.29,83494480.0
2015-08-17,9.25,9.47,8.91,9.39,51509152.0
2015-08-18,9.37,9.37,8.45,8.45,51606368.0
2015-08-19,8.0,8.72,7.62,8.57,46751868.0
2015-08-20,8.38,8.62,8.03,8.05,30940264.0
2015-08-21,7.9,7.98,7.37,7.39,28391352.0
2015-08-24,7.0,7.13,6.65,6.65,22845264.0
2015-08-25,5.99,6.28,5.99,5.99,24802952.0
2015-08-26,6.12,6.44,5.66,6.03,40859568.0
2015-08-27,6.19,6.32,5.82,6.32,27675302.0
2015-08-28,6.43,6.89,6.34,6.89,31142300.0
2015-08-31,6.78,6.82,6.45,6.47,22430068.0
2015-09-01,6.4,6.4,5.82,5.91,33924708.0
2015-09-02,5.32,6.17,5.32,5.54,24230724.0
2015-09-07,5.67,5.97,5.62,5.76,18764762.0
2015-09-08,5.79,6.2,5.7,6.18,17516240.0
2015-09-09,6.26,6.49,6.16,6.43,23937928.0
2015-09-10,6.26,6.39,6.18,6.22,16398055.0
2015-09-11,6.23,6.35,6.21,6.3,12289802.0
2015-09-14,6.34,6.4,5.67,5.67,22163410.0
2015-09-15,5.43,5.67,5.14,5.17,19531394.0
2015-09-16,5.26,5.69,5.17,5.69,20000944.0
2015-09-17,5.6,5.99,5.5,5.51,22298136.0
2015-09-18,5.6,5.65,5.42,5.58,14485880.0
2015-09-21,5.5,5.94,5.48,5.88,18666302.0
2015-09-22,5.96,6.3,5.89,6.07,29025776.0
2015-09-23,5.92,6.39,5.88,6.06,28089688.0
2015-09-24,6.12,6.6,6.06,6.34,33681564.0
2015-09-25,6.28,6.37,5.89,5.97,20223210.0
2015-09-28,5.95,6.39,5.95,6.2,23067272.0
2016-04-12,6.82,6.82,6.82,6.82,129468.0
2016-04-13,7.5,7.5,7.5,7.5,465104.0
2016-04-14,8.25,8.25,8.25,8.25,728891.0
2016-04-15,9.08,9.08,9.08,9.08,5892291.0
2016-04-18,9.99,9.99,9.99,9.99,5215298.0
2016-04-19,10.99,10.99,10.6,10.99,59253628.0
2016-04-20,11.78,12.07,11.05,11.39,178732976.0
2016-04-21,11.48,11.55,10.25,10.3,131128456.0
2016-04-22,10.1,10.44,9.68,9.9,78422272.0
2016-04-25,9.94,10.1,9.75,10.08,42456648.0
2016-04-26,10.1,10.1,9.62,9.95,45692556.0
2016-04-27,10.0,10.0,9.46,9.66,46619752.0
2016-04-28,9.65,9.81,9.42,9.79,40278340.0
2016-04-29,9.68,10.43,9.56,10.07,62755640.0
2016-05-03,9.91,10.59,9.76,10.4,55018820.0
2016-05-04,10.25,10.4,10.06,10.14,36352344.0
2016-05-05,10.13,10.42,10.06,10.19,27886876.0
2016-05-06,10.25,10.29,9.64,9.64,32054496.0
2016-05-09,9.52,9.54,8.9,9.08,36690088.0
2016-05-10,9.03,9.22,8.79,8.9,18184448.0
2016-05-11,9.05,9.05,8.67,8.8,20211274.0
2016-05-12,8.56,8.96,8.46,8.92,19953716.0
2016-05-13,9.01,9.07,8.73,8.8,15454760.0
2016-05-16,8.74,9.31,8.64,9.22,25269873.0
2016-05-17,9.13,9.24,8.91,8.98,20592565.0
2016-05-18,8.84,8.84,8.45,8.66,21033647.0
2016-05-19,8.67,8.88,8.6,8.6,12971469.0
2016-05-20,8.54,8.85,8.4,8.8,13183290.0
2016-05-23,8.75,9.19,8.75,9.07,20899389.0
2016-05-24,9.02,9.06,8.77,8.82,11733826.0
2016-05-25,8.94,9.02,8.67,8.8,12432571.0
2016-05-26,8.78,8.88,8.48,8.81,12335799.0
2016-05-27,8.78,8.92,8.66,8.78,8887982.0
2016-05-30,8.71,9.1,8.5,8.85,13061910.0
2016-05-31,8.9,9.25,8.86,9.2,25415908.0
2016-06-01,9.27,9.54,9.16,9.37,34213804.0
2016-06-02,9.35,9.46,9.25,9.41,19309047.0
2016-06-03,9.41,9.5,9.3,9.3,18646907.0
2016-06-06,9.31,9.77,9.29,9.59,25715475.0
2016-06-07,9.54,9.6,9.37,9.45,15453533.0
2016-06-08,9.41,9.84,9.3,9.7,24737024.0
2016-06-13,9.6,10.6,9.41,9.7,48649875.0
2016-06-14,9.51,10.67,9.51,10.67,67052946.0
2016-06-15,10.6,11.74,10.5,11.74,83033433.0
2016-06-16,12.48,12.89,11.51,11.63,122966230.0
2016-06-17,11.41,11.84,10.96,11.16,84880265.0
2016-06-20,10.99,11.4,10.81,11.17,50044856.0
2016-06-21,11.25,11.48,10.7,10.81,51834847.0
2016-06-22,10.75,11.2,10.54,11.09,41440055.0
2016-06-23,10.98,11.06,10.59,10.6,34564496.0
2016-06-24,10.65,10.76,9.75,10.25,39427498.0
2016-06-27,10.25,10.6,10.12,10.5,28237545.0
2016-06-28,10.5,11.55,10.41,11.3,63825958.0
2016-06-29,11.25,11.39,10.88,11.05,39121648.0
2016-06-30,11.09,11.18,10.75,11.14,29675423.0
2016-07-01,11.2,11.27,10.85,10.86,23606330.0
2016-07-04,9.81,10.68,9.77,10.26,109259843.0
2016-07-05,9.99,10.15,9.86,10.03,57150406.0
2016-07-06,9.95,9.99,9.85,9.9,33540350.0
2016-07-07,9.96,10.18,9.91,10.18,47744392.0
2016-07-08,10.18,10.2,9.97,10.04,24185201.0
2016-07-11,10.09,10.28,10.02,10.19,36650014.0
2016-07-12,10.19,10.29,9.92,10.13,34015897.0
2016-07-13,10.08,10.15,9.99,10.05,21645005.0
2016-07-14,10.05,10.13,10.0,10.05,15054279.0
2016-07-15,10.02,10.07,9.9,9.91,18605363.0
2016-07-18,9.85,9.9,9.5,9.59,25046650.0
2016-07-19,9.5,9.65,9.45,9.61,15960421.0
2016-07-20,9.6,9.84,9.58,9.72,18374306.0
2016-07-21,9.7,9.82,9.69,9.71,11453975.0
2016-07-22,9.68,9.78,9.6,9.7,11480626.0
2016-07-25,9.64,9.79,9.64,9.7,10254224.0
2016-07-26,9.67,9.8,9.67,9.8,10260975.0
2016-07-27,9.82,9.84,9.0,9.28,20627190.0
2016-07-28,9.28,10.08,9.04,9.82,30458193.0
2016-07-29,9.88,9.9,9.5,9.63,18433742.0
2016-08-01,9.51,9.67,9.42,9.46,9893175.0
2016-08-02,9.42,9.5,9.32,9.4,8904451.0
2016-08-03,9.42,9.7,9.36,9.6,12478827.0
2016-08-04,9.6,9.74,9.53,9.69,12085883.0
2016-08-05,9.72,10.04,9.59,9.94,26431767.0
2016-08-08,10.02,10.08,9.91,9.98,20951893.0
2016-08-09,9.92,10.0,9.81,9.96,15712282.0
2016-08-10,9.96,10.5,9.95,10.4,47030376.0
2016-08-11,10.32,10.55,10.1,10.11,27272365.0
2016-08-12,10.04,10.21,9.95,10.13,18813988.0
2016-08-15,10.13,10.3,10.03,10.23,21139900.0
2016-08-16,10.24,10.45,10.12,10.33,23766274.0
2016-08-17,10.29,10.33,10.16,10.21,15122733.0
2016-08-18,10.18,10.27,10.09,10.11,14489521.0
2016-08-19,10.08,10.14,9.95,10.01,14729425.0
2016-08-22,10.0,10.19,9.96,10.06,12217045.0
2016-08-23,10.01,10.09,9.81,9.82,15930681.0
2016-08-24,9.83,9.94,9.81,9.84,9109661.0
2016-08-25,9.84,9.84,9.62,9.65,11322845.0
2016-08-26,9.67,9.86,9.67,9.8,9042797.0
2016-08-29,9.78,9.95,9.75,9.86,9805398.0
2016-08-30,9.93,9.93,9.8,9.81,6103331.0
2016-08-31,9.81,9.86,9.74,9.78,6622269.0
2016-09-01,9.81,10.22,9.7,10.02,19864274.0
2016-09-02,9.99,10.25,9.97,10.25,27316297.0
2016-09-05,10.23,10.25,10.0,10.1,21352321.0
2016-09-06,10.1,10.42,9.94,10.38,29270711.0
2016-09-07,10.36,10.55,10.21,10.22,24420268.0
2016-09-08,10.27,10.5,10.16,10.3,16497611.0
2016-09-09,10.34,10.8,10.28,10.54,36472366.0
2016-10-25,11.59,11.59,11.59,11.59,1084265.0
2016-10-26,12.75,12.75,12.17,12.75,58636790.0
2016-10-27,12.8,13.87,12.57,12.61,125440804.0
2016-10-28,12.98,13.5,12.8,13.01,107964063.0
2016-10-31,12.6,12.6,11.81,12.35,68903399.0
2016-11-01,12.15,13.59,12.0,13.59,101901780.0
2016-11-02,13.39,13.95,13.1,13.36,98543330.0
2016-11-03,13.11,14.25,12.91,13.6,90236197.0
2016-11-04,13.4,13.86,13.18,13.69,57272271.0
2016-11-07,13.6,13.83,13.12,13.19,42054603.0
2016-11-08,13.2,13.39,12.81,12.9,40968710.0
2016-11-09,12.89,14.19,12.71,13.83,105777932.0
2016-11-10,13.63,14.16,13.47,14.04,88730221.0
2016-11-11,13.86,13.98,13.32,13.4,56833454.0
2016-11-14,13.52,14.15,13.27,13.81,53844662.0
2016-11-15,13.8,14.04,13.4,13.59,35282960.0
2016-11-16,13.66,13.66,13.11,13.15,31714634.0
2016-11-17,13.15,13.5,13.05,13.35,21144890.0
2016-11-18,13.26,13.53,13.11,13.25,16720904.0
2016-11-21,13.4,13.61,13.27,13.4,18809130.0
2016-11-22,13.4,14.74,13.3,14.74,111915399.0
2016-11-23,14.74,15.44,14.61,14.68,104229793.0
2016-11-24,14.62,15.28,14.33,14.67,53246767.0
2016-11-25,14.53,14.75,13.92,14.17,40216444.0
2016-11-28,14.25,14.92,14.02,14.67,39578162.0
2016-11-29,14.53,15.5,14.53,14.91,61129794.0
2016-11-30,14.71,15.38,14.66,14.74,34069725.0
2016-12-01,14.61,16.21,14.61,16.21,65642423.0
2016-12-02,16.6,17.17,15.71,15.92,77178722.0
2016-12-05,15.73,17.05,15.37,16.61,67345541.0
2016-12-06,16.56,18.19,16.45,17.66,64338497.0
2016-12-07,17.45,17.8,16.85,17.5,43513077.0
2016-12-08,17.51,18.11,16.69,16.7,51872092.0
2016-12-09,16.5,17.99,16.21,17.79,51500337.0
2016-12-12,17.58,18.15,16.8,16.95,57710413.0
2016-12-13,17.0,17.78,16.45,17.44,35971169.0
2016-12-14,17.29,17.49,16.4,16.45,33230631.0
2016-12-15,16.4,16.64,15.82,16.24,33895278.0
2016-12-16,16.24,16.99,16.02,16.69,27301784.0
2016-12-19,16.69,16.87,16.39,16.63,17245940.0
2016-12-20,16.82,17.77,16.65,17.35,36152704.0
2016-12-21,17.24,17.95,17.13,17.54,28610424.0
2016-12-22,17.3,17.57,17.0,17.0,20054433.0
2016-12-23,17.05,17.35,16.58,17.1,21240360.0
2016-12-26,16.88,17.5,16.7,17.37,19223661.0
2016-12-27,17.4,17.46,16.9,17.01,15595170.0
2016-12-28,17.11,17.11,15.31,15.31,54349039.0
2016-12-29,15.0,15.55,14.71,14.93,28380068.0
2016-12-30,15.0,15.0,14.1,14.43,31853081.0
2017-01-03,14.45,15.09,14.23,14.79,19716335.0
2017-01-04,15.03,15.95,15.01,15.46,32294045.0
2017-01-05,15.25,15.55,14.93,15.1,17480841.0
2017-01-06,15.13,15.47,15.03,15.26,13168997.0
2017-01-09,15.3,15.35,14.01,14.35,26347552.0
2017-01-10,14.36,14.36,13.21,14.09,41823633.0
2017-01-11,13.88,14.25,13.71,13.75,16372839.0
2017-01-12,13.7,13.98,13.45,13.5,13751683.0
2017-01-13,13.58,13.65,13.03,13.05,15416594.0
2017-01-16,13.1,13.19,11.81,12.24,26263258.0
2017-01-17,12.25,13.46,12.11,13.46,27906970.0
2017-01-18,13.6,14.35,13.51,13.6,33910026.0
2017-01-19,13.74,13.89,13.25,13.46,15935103.0
2017-01-20,13.3,14.25,13.26,13.9,23707653.0
2017-01-23,13.93,14.56,13.93,14.14,22210017.0
2017-01-24,14.02,14.17,13.88,13.91,8931200.0
2017-01-25,13.81,14.09,13.71,13.8,9138040.0
2017-01-26,13.85,14.47,13.85,14.36,13385788.0
2017-02-03,14.25,14.39,13.8,14.06,11217519.0
2017-02-06,14.13,14.45,13.93,14.28,12647425.0
2017-02-07,14.29,15.66,14.18,14.82,29812197.0
2017-02-08,14.8,15.19,14.51,14.95,16727137.0
2017-02-09,14.94,15.48,14.8,15.37,20263804.0
2017-02-10,15.28,15.28,14.9,15.03,17713341.0
2017-02-13,14.98,15.37,14.81,15.02,12895021.0
2017-02-14,15.03,15.19,14.75,14.86,12027613.0
2017-02-15,14.96,14.96,14.18,14.25,21303280.0
2017-02-16,14.28,14.77,14.22,14.4,15142553.0
2017-02-17,14.28,14.67,14.28,14.59,13305003.0
2017-02-20,14.6,14.99,14.38,14.79,14157657.0
2017-02-21,15.1,15.1,14.62,14.85,15227518.0
2017-02-22,14.8,15.05,14.56,14.95,14300236.0
2017-03-02,16.45,16.45,15.7,16.45,39957034.0
2017-03-03,16.98,17.36,16.42,16.64,70715919.0
2017-03-06,16.72,16.73,16.03,16.22,33692357.0
2017-03-07,16.12,16.53,16.11,16.18,23363243.0
2017-03-08,16.2,16.3,15.63,15.7,28900885.0
2017-03-09,15.78,16.04,15.15,15.87,32089799.0
2017-03-10,15.75,17.39,15.72,16.84,58715517.0
2017-03-13,16.84,17.57,16.54,16.95,48620520.0
2017-03-14,16.85,17.2,16.47,16.53,26591369.0
2017-03-15,16.57,16.72,16.3,16.35,17309814.0
2017-03-16,16.25,16.65,16.11,16.25,19723355.0
2017-03-17,16.32,16.71,16.09,16.1,26361632.0
2017-03-20,16.1,16.17,15.55,15.67,25965553.0
2017-03-21,15.67,15.98,15.44,15.77,17272837.0
2017-03-22,15.79,15.85,15.39,15.46,14600945.0
2017-03-23,15.45,16.48,15.45,16.31,37842180.0
2017-03-24,16.05,16.75,16.05,16.29,31011280.0
2017-03-27,16.4,16.44,16.09,16.21,11926264.0
2017-03-28,16.24,16.24,15.67,15.79,18211093.0
2017-03-29,15.71,15.9,15.5,15.5,10991998.0
2017-03-30,15.5,15.65,15.15,15.28,13421785.0
2017-03-31,15.37,15.75,15.3,15.56,10136037.0
2017-04-05,15.56,16.54,15.56,16.4,29210662.0
2017-04-06,16.45,16.49,16.1,16.24,12621110.0
2017-04-07,16.48,16.84,16.06,16.15,17816393.0
2017-04-10,16.7,16.71,16.11,16.34,18763925.0
2017-04-11,16.34,16.35,14.71,16.11,46936810.0
2017-04-12,15.65,15.86,15.2,15.24,19015741.0
2017-04-13,15.31,15.59,15.05,15.3,9222894.0
2017-04-14,15.24,15.28,14.73,14.83,15841316.0
2017-04-17,14.96,15.17,14.75,14.95,10274460.0
2017-04-18,14.87,15.08,14.8,14.91,7244375.0
2017-04-19,14.8,14.81,14.01,14.36,14793078.0
2017-04-20,14.36,14.45,13.6,13.9,17190882.0
2017-04-21,13.91,13.99,13.61,13.87,8451881.0
2017-04-24,13.83,13.83,13.11,13.14,16461316.0
2017-04-25,13.13,13.41,13.13,13.29,9381436.0
2017-04-26,13.59,14.25,13.44,14.15,21800487.0
2017-04-27,14.0,14.31,13.8,14.2,13286658.0
2017-04-28,14.14,14.7,14.09,14.49,13116987.0
2017-05-02,14.3,14.53,14.09,14.51,9774388.0
2017-05-03,14.52,14.52,13.86,13.89,15164094.0
2017-05-04,13.52,14.05,13.52,13.76,8438761.0
2017-05-05,13.95,14.09,13.65,13.78,7594901.0
2017-05-08,13.71,13.89,13.47,13.47,8057225.0
2017-05-09,13.42,13.76,13.14,13.69,10191943.0
2017-05-10,13.59,13.83,13.21,13.34,7664646.0
2017-05-11,13.18,13.28,12.32,13.14,11758236.0
2017-05-12,13.12,13.12,12.5,12.88,9991412.0
2017-05-15,12.85,13.01,12.79,12.84,4723586.0
2017-05-16,12.73,13.07,12.45,13.05,10874333.0
2017-05-17,13.02,13.42,12.91,13.09,9401967.0
2017-05-18,12.96,13.2,12.81,12.94,8238834.0
2017-05-19,12.95,13.1,12.56,12.65,8134606.0
2017-05-22,12.68,12.87,12.44,12.74,8362450.0
2017-05-23,12.6,12.73,12.03,12.13,8347958.0
2017-05-24,12.2,12.27,11.41,12.15,9743651.0
2017-05-25,12.0,12.24,11.85,12.16,6746794.0
2017-05-26,12.14,13.3,12.09,12.93,15882595.0
2017-05-31,13.05,13.39,12.9,13.02,11813482.0
2017-06-01,13.1,13.29,12.91,12.98,10076300.0
2017-06-02,12.98,13.08,12.49,13.06,11357155.0
2017-06-05,13.06,13.25,13.06,13.19,8189006.0
2017-06-06,13.4,13.66,13.2,13.5,10371220.0
2017-06-07,13.95,14.22,13.29,13.42,23668095.0
2017-06-08,13.24,13.62,12.92,13.01,19088532.0
2017-06-09,13.08,13.15,12.56,12.7,16449231.0
2017-06-12,12.5,13.12,12.16,12.67,19228607.0
2017-06-13,12.5,12.96,12.45,12.7,13741804.0
2017-06-14,12.7,13.89,12.7,13.19,30442493.0
2017-06-15,13.27,13.27,12.92,13.0,14541906.0
2017-06-16,12.96,13.07,12.74,12.85,9162840.0
2017-06-19,12.8,12.91,12.6,12.77,8312687.0
2017-06-20,12.7,13.28,12.66,13.02,17579120.0
2017-06-21,13.02,13.17,12.77,12.9,8315697.0
2017-06-22,12.95,12.96,12.58,12.59,8885025.0
2017-06-23,12.58,12.6,12.19,12.41,8221471.0
2017-06-26,12.48,12.65,12.3,12.45,13665158.0
2017-06-27,12.45,13.06,12.4,12.95,20994086.0
2017-06-28,12.58,12.65,12.19,12.21,25026775.0
2017-06-29,12.25,12.32,11.95,12.0,11958297.0
2017-06-30,11.96,12.17,11.9,12.06,7947427.0
2017-07-03,12.1,12.14,11.95,12.06,5544614.0
2017-07-04,12.03,12.1,11.91,11.92,6031150.0
2017-07-05,11.92,12.03,11.73,11.97,7828073.0
2017-07-06,11.95,12.14,11.86,12.08,9494632.0
2017-07-07,12.0,12.24,12.0,12.11,8196296.0
2017-07-10,12.1,12.46,12.08,12.2,11710993.0
2017-07-11,12.25,12.63,12.25,12.3,19434124.0
2017-07-12,12.2,12.43,11.88,12.0,13340983.0
2017-07-13,11.97,11.99,11.8,11.9,6257107.0
2017-07-14,12.05,12.49,12.03,12.22,23435839.0
2017-07-17,12.05,12.14,11.0,11.05,20629254.0
2017-07-18,11.05,11.19,10.48,11.05,15173195.0
2017-07-19,10.93,11.03,10.81,10.95,9407520.0
2017-07-20,10.97,11.32,10.86,11.06,9258526.0
2017-07-21,11.04,11.04,10.77,10.91,9440267.0
2017-07-24,10.95,10.95,10.49,10.64,13494650.0
2017-07-25,10.54,10.68,10.52,10.59,5514582.0
2017-07-26,10.6,10.75,10.24,10.32,10520845.0
2017-07-27,10.39,10.46,10.08,10.42,9766988.0
2017-07-28,10.41,10.41,10.21,10.26,7825464.0
2017-07-31,10.25,10.28,9.95,10.0,17668468.0
2017-08-01,10.0,10.1,9.91,9.99,13806107.0
2017-08-02,10.02,10.07,9.85,9.85,12132634.0
2017-08-03,9.81,9.85,9.61,9.66,12163400.0
2017-08-04,9.58,9.88,9.58,9.71,11227901.0
2017-08-07,9.76,10.49,9.76,10.33,25666083.0
2017-08-08,10.22,10.82,10.21,10.38,23926501.0
2017-08-09,10.33,11.42,10.33,11.42,22091576.0
2017-08-10,11.7,11.7,10.93,10.98,33492161.0
2017-08-11,11.09,11.09,10.51,10.64,20506704.0
2017-08-14,10.74,10.95,10.6,10.84,14018475.0
2017-08-15,10.84,11.68,10.7,11.21,20489126.0
2017-08-16,11.1,11.34,11.06,11.09,11479936.0
2017-08-17,11.11,11.17,10.92,11.08,11001936.0
2017-08-18,11.31,11.95,11.31,11.62,33955710.0
2017-08-23,12.4,12.72,11.81,11.83,39579454.0
2017-08-24,11.83,11.89,11.33,11.39,21568948.0
2017-08-25,11.39,11.6,11.31,11.47,10182400.0
2017-08-28,11.46,11.61,11.23,11.5,14766143.0
2017-08-29,11.59,11.65,11.26,11.36,10636206.0
2017-08-30,11.24,11.34,11.06,11.12,13242904.0
2017-08-31,11.12,11.35,11.1,11.2,8533688.0
2017-09-01,11.21,11.31,11.07,11.31,9486391.0
2017-09-04,11.35,11.67,11.24,11.6,15020122.0
2017-09-05,11.68,11.68,11.45,11.48,9802125.0
2017-09-06,11.46,11.6,11.28,11.49,9646855.0
2017-09-07,11.57,11.58,11.3,11.32,9305860.0
2017-09-08,11.27,11.42,11.22,11.34,6308695.0
2017-09-11,11.6,11.92,11.5,11.81,24708368.0
2017-09-12,12.0,12.99,12.0,12.48,68362492.0
2017-09-13,12.65,13.09,12.34,12.57,46251776.0
2017-09-14,12.8,12.87,12.1,12.19,32285282.0
2017-09-15,12.21,12.26,11.73,11.84,23517054.0
2017-09-18,11.89,13.02,11.88,12.8,47219946.0
2017-09-19,12.74,12.88,12.4,12.63,31952773.0
2017-09-20,12.61,13.85,12.42,13.38,57944802.0
2017-09-21,13.36,14.04,13.18,13.35,50677652.0
2017-09-22,13.24,13.85,13.24,13.51,37607089.0
2017-09-25,13.3,13.45,12.57,12.64,29758062.0
2017-09-26,12.62,13.11,12.62,13.02,20869087.0
2017-09-27,13.09,14.0,13.09,13.55,41342860.0
2017-09-28,13.7,13.94,13.32,13.72,33738188.0
2017-09-29,13.62,13.97,13.13,13.71,37999861.0
2017-10-09,14.25,14.74,13.88,14.28,51185772.0
2017-10-10,14.43,14.97,14.1,14.15,50466485.0
2017-10-11,13.99,14.19,13.67,13.91,32604914.0
2017-10-12,13.88,14.05,13.51,13.75,23976010.0
2017-10-13,13.74,13.74,13.42,13.61,14854203.0
2017-10-16,13.66,13.96,13.35,13.4,24910511.0
2017-10-17,13.4,13.55,13.29,13.4,12882252.0
2017-10-18,13.58,13.78,12.7,12.87,20978056.0
2017-10-19,12.89,13.14,12.55,12.72,18421032.0
2017-10-20,12.72,13.06,12.42,13.04,13286860.0
2017-10-23,13.0,13.07,12.72,12.84,9588480.0
2017-10-24,12.84,12.93,12.36,12.52,13137343.0
2017-10-25,12.58,12.92,12.5,12.91,13339472.0
2017-10-26,12.9,12.92,12.7,12.8,12383050.0
2017-10-27,13.0,13.7,13.0,13.34,30297028.0
2017-10-30,13.2,13.3,12.6,12.65,23616318.0
2017-10-31,12.67,12.95,12.42,12.9,14348090.0
2017-11-01,12.84,13.25,12.83,12.97,16971899.0
2017-11-02,13.04,13.3,12.92,13.29,20875720.0
2017-11-03,13.25,13.25,12.83,12.99,15273615.0
2017-11-06,13.22,13.68,13.08,13.57,26844566.0
2017-11-07,13.57,13.95,13.38,13.95,28782570.0
2017-11-08,13.95,14.35,13.67,13.69,36571025.0
2017-11-09,14.18,14.9,14.0,14.28,59477545.0
2017-11-10,14.33,14.53,13.93,14.1,29309878.0
2017-11-13,14.1,14.13,13.7,14.03,26106971.0
2017-11-14,14.03,14.03,13.75,13.93,19906477.0
2017-11-15,14.08,14.54,14.08,14.22,41385563.0
2017-11-16,14.08,14.09,13.0,13.43,33521756.0
2017-11-17,13.43,13.63,12.8,12.86,24277820.0
2017-11-20,12.81,12.86,12.04,12.77,20036980.0
2017-11-21,12.8,13.03,12.65,12.81,17638840.0
2017-11-22,12.85,13.11,12.5,12.94,20605252.0
2017-11-23,12.84,12.88,12.51,12.57,15180745.0
2017-11-24,12.53,13.09,12.43,13.01,15408447.0
2017-11-27,12.89,13.04,12.6,12.67,11385314.0
2017-11-28,12.68,12.84,12.61,12.77,7631391.0
2017-11-29,12.8,13.24,12.74,13.14,17919257.0
2017-11-30,13.1,13.13,12.78,12.84,11385244.0
2017-12-01,12.8,12.93,12.63,12.84,11298575.0
2017-12-04,12.86,12.97,12.58,12.58,10498995.0
2017-12-05,12.5,12.67,12.03,12.11,14343997.0
2017-12-06,12.15,12.2,11.63,11.96,13774809.0
2017-12-07,11.99,12.08,11.83,12.02,8785781.0
2017-12-08,12.04,12.16,12.0,12.05,8589058.0
2017-12-11,12.1,12.58,12.1,12.27,15534279.0
2017-12-12,12.28,12.36,12.05,12.13,9708130.0
2017-12-13,12.15,12.45,12.13,12.33,9233146.0
2017-12-14,12.33,12.41,12.28,12.36,8106389.0
2017-12-15,12.32,12.34,12.08,12.15,7911720.0
2017-12-18,11.94,12.05,11.71,11.75,10253735.0
2017-12-19,11.7,11.88,11.7,11.76,7351861.0
2017-12-20,11.81,11.82,11.5,11.51,8813466.0
2017-12-21,11.5,11.52,11.03,11.3,11907858.0
2017-12-22,11.29,11.43,11.15,11.32,5587968.0
2017-12-25,11.42,11.77,11.42,11.52,11847552.0
2017-12-26,11.45,11.51,11.24,11.51,9211945.0
2017-12-27,11.51,12.6,11.41,12.23,27123459.0
2017-12-28,12.18,12.72,12.01,12.1,28937629.0
2017-12-29,12.0,12.04,11.68,11.94,16592298.0
2018-01-02,11.96,12.16,11.84,12.03,14096253.0
2018-01-03,12.04,12.29,11.91,12.14,16175114.0
2018-01-04,12.06,12.13,11.97,12.01,10422229.0
2018-01-05,12.04,12.1,11.95,12.0,8380401.0
2018-01-08,12.02,12.36,12.02,12.18,14918638.0
2018-01-09,12.12,12.41,12.02,12.25,15243812.0
2018-01-10,12.21,12.22,12.0,12.07,10554729.0
2018-01-11,11.97,12.15,11.9,12.08,7612111.0
2018-01-12,12.09,12.34,11.98,12.23,16104408.0
2018-01-15,12.16,12.16,11.64,11.64,14481449.0
2018-01-16,11.64,11.76,11.46,11.65,10718470.0
2018-01-17,11.64,11.65,11.28,11.6,9993380.0
2018-01-18,11.59,11.67,11.43,11.47,7217101.0
2018-01-19,11.48,11.55,11.25,11.25,8856900.0
2018-01-22,11.28,11.63,11.23,11.58,10322240.0
2018-01-23,11.55,11.66,11.4,11.46,8133739.0
2018-01-24,11.5,11.5,11.26,11.39,8159201.0
2018-01-25,11.35,11.47,11.3,11.34,8846432.0
2018-01-26,11.34,11.41,11.25,11.26,7533400.0
2018-01-29,11.28,11.34,11.1,11.14,7680977.0
2018-01-30,11.14,11.23,11.1,11.17,4754211.0
2018-01-31,11.17,11.17,10.77,10.8,8831511.0
2018-02-01,10.8,10.82,10.19,10.25,11189217.0
2018-02-02,10.2,10.5,9.81,10.3,8376975.0
2018-02-05,10.03,10.35,10.0,10.2,6701580.0
2018-02-06,10.09,10.18,9.79,9.79,8024200.0
2018-02-07,10.0,10.1,9.68,9.84,6502729.0
2018-02-08,9.86,10.3,9.86,10.06,8211290.0
2018-02-09,9.76,9.88,9.5,9.62,8623967.0
2018-02-12,9.77,10.03,9.71,9.92,7218171.0
2018-02-13,9.96,10.1,9.91,9.93,4978693.0
2018-02-14,9.86,10.29,9.86,10.23,7049423.0
2018-02-22,10.3,10.4,10.1,10.32,6882833.0
2018-02-23,10.26,10.3,10.16,10.29,5496272.0
2018-02-26,10.41,10.48,10.27,10.4,8645800.0
2018-02-27,10.38,10.55,10.32,10.54,9355464.0
2018-02-28,10.47,10.52,10.3,10.4,6974368.0
2018-03-01,10.26,10.5,10.26,10.42,5301289.0
2018-03-02,10.41,10.69,10.32,10.54,10391239.0
2018-03-05,10.54,10.66,10.45,10.51,7276466.0
2018-03-06,10.45,10.58,10.4,10.53,7371924.0
2018-03-07,10.54,10.63,10.42,10.42,6934757.0
2018-03-08,10.47,10.47,10.33,10.36,6333019.0
2018-03-09,10.36,10.7,10.35,10.61,10613050.0
2018-03-12,10.65,10.86,10.56,10.8,10468955.0
2018-03-13,10.78,11.35,10.59,11.12,19592886.0
2018-03-14,11.03,11.04,10.7,10.78,10818062.0
2018-03-15,10.68,11.2,10.65,10.83,11662762.0
2018-03-16,10.8,11.03,10.58,10.87,13790584.0
2018-03-19,10.79,10.83,10.58,10.61,9134546.0
2018-03-20,10.48,10.54,10.28,10.33,8532771.0
2018-03-21,10.34,10.46,10.05,10.11,8314183.0
2018-03-22,10.14,10.3,10.01,10.11,7043383.0
2018-03-23,9.86,9.87,9.3,9.49,12177926.0
2018-03-26,9.4,9.63,9.07,9.58,6582554.0
2018-03-27,9.69,9.86,9.63,9.72,6915451.0
2018-03-28,9.54,9.78,9.42,9.64,5387672.0
2018-03-29,9.63,9.83,9.63,9.78,5692488.0
2018-03-30,9.8,9.91,9.77,9.81,6056652.0
2018-04-02,9.81,9.9,9.68,9.72,7114140.0
2018-04-03,9.6,9.6,9.39,9.43,7050952.0
2018-04-04,9.43,9.63,9.43,9.53,5280253.0
2018-04-09,9.51,9.8,9.32,9.57,8200437.0
2018-04-10,9.53,9.87,9.48,9.7,9681319.0
2018-04-11,9.7,9.96,9.63,9.9,12860406.0
2018-04-12,9.8,9.93,9.69,9.79,10550360.0
2018-04-13,9.85,9.86,9.69,9.73,5633882.0
2018-04-16,9.73,9.84,9.36,9.82,12029589.0
2018-04-17,9.91,9.98,9.46,9.58,8635980.0
2018-04-18,9.6,9.68,9.32,9.54,7735767.0
2018-04-19,9.58,9.59,9.46,9.52,5473624.0
2018-04-20,9.51,9.51,9.03,9.08,12023310.0
2018-04-23,9.11,9.24,8.91,8.98,6576802.0
2018-04-24,9.05,9.16,9.01,9.13,6182461.0
2018-04-25,9.12,9.15,9.04,9.14,4445461.0
2018-04-26,9.14,9.17,8.8,8.83,9264603.0
2018-04-27,8.87,8.9,8.68,8.79,7090908.0
2018-05-02,8.79,8.79,8.32,8.38,11136979.0
2018-05-03,8.38,8.51,8.32,8.47,7185429.0
2018-05-04,8.43,8.45,8.28,8.31,7361787.0
2018-05-07,8.3,8.42,8.29,8.42,7324336.0
2018-05-08,8.41,8.52,8.4,8.45,6867611.0
2018-05-09,8.45,8.49,8.31,8.46,7625171.0
2018-05-10,8.48,8.54,8.43,8.47,7027657.0
2018-05-11,8.48,8.69,8.38,8.58,12640485.0
2018-05-14,8.5,8.6,8.32,8.35,11423168.0
2018-05-15,8.32,8.39,8.3,8.36,6624270.0
2018-05-16,8.34,8.34,8.11,8.12,11327696.0
2018-05-17,8.14,8.17,7.98,8.05,9010115.0
2018-05-18,8.05,8.08,7.98,8.03,4999500.0
2018-05-21,8.08,8.83,8.08,8.83,40080041.0
2018-05-22,8.79,9.52,8.57,9.3,44932178.0
2018-05-23,9.15,9.49,9.01,9.1,26044635.0
2018-05-24,9.15,9.17,8.75,8.83,17262191.0
2018-05-25,8.89,9.05,8.71,8.88,14172400.0
2018-05-28,8.78,8.85,8.49,8.49,12788859.0
2018-05-29,8.48,8.71,8.4,8.45,9520343.0
2018-05-30,8.31,8.31,8.08,8.22,11966839.0
2018-05-31,8.2,8.28,8.13,8.21,10780119.0
2018-06-01,8.17,8.17,8.02,8.1,8595540.0
2018-06-04,8.1,8.19,8.02,8.05,6752046.0
2018-06-05,8.0,8.03,7.73,8.0,13652511.0
2018-06-06,7.99,8.45,7.91,8.4,15737494.0
2018-06-07,8.36,8.36,8.15,8.16,11505082.0
2018-06-08,8.13,8.3,8.04,8.14,9356173.0
2018-06-11,8.15,8.15,7.79,7.86,12866296.0
2018-06-12,7.86,8.06,7.78,7.98,8206272.0
2018-06-13,7.92,8.11,7.85,7.96,8500115.0
2018-06-14,7.97,8.02,7.85,7.89,5900064.0
2018-06-15,7.92,7.92,7.62,7.71,5885196.0
2018-06-19,7.55,7.69,6.94,6.96,12141002.0
2018-06-20,7.1,7.1,6.93,7.0,7143300.0
2018-06-21,7.01,7.08,6.81,6.82,6552256.0
2018-06-22,6.77,7.01,6.67,7.01,5943945.0
2018-06-25,7.1,7.13,6.88,6.94,4392565.0
2018-06-26,6.82,7.35,6.73,7.06,6368644.0
2018-06-27,7.01,7.23,6.96,7.09,6803160.0
2018-06-28,7.05,7.11,6.9,6.9,4610924.0
2018-06-29,6.92,7.12,6.91,7.11,7022018.0
2018-07-02,7.14,7.34,7.0,7.05,9076838.0
2018-07-03,7.06,7.15,7.01,7.13,5456178.0
2018-07-04,7.14,7.15,7.0,7.04,4900214.0
2018-07-05,7.02,7.11,6.9,6.94,5422067.0
2018-07-06,6.94,7.04,6.77,6.96,5091942.0
2018-07-09,6.93,7.04,6.86,7.01,4649550.0
2018-07-10,7.03,7.05,6.93,6.98,4885660.0
2018-07-11,6.89,6.89,6.69,6.89,6003095.0
2018-07-12,7.05,7.14,6.94,7.07,8696138.0
2018-07-13,7.09,7.11,7.01,7.1,6514740.0
2018-07-16,7.17,7.2,7.03,7.12,4984812.0
2018-07-17,7.1,7.12,7.04,7.07,4180108.0
2018-07-18,7.06,7.16,7.0,7.04,6905402.0
2018-07-19,7.0,7.03,6.89,6.94,5708300.0
2018-07-20,6.95,7.04,6.86,7.0,4801789.0
2018-07-23,7.01,7.03,6.93,7.03,4493719.0
2018-07-24,7.03,7.16,7.0,7.15,8800756.0
2018-07-25,7.2,7.73,7.16,7.54,21934051.0
2018-07-26,7.52,7.53,7.36,7.37,10881067.0
2018-07-27,7.36,7.46,7.28,7.3,6411934.0
2018-07-30,7.31,7.35,7.11,7.15,5531908.0
2018-07-31,7.16,7.23,7.1,7.18,4799900.0
2018-08-01,7.28,7.44,7.03,7.11,6884028.0
2018-08-02,7.05,7.1,6.52,6.86,14491487.0
2018-08-03,6.8,6.96,6.58,6.83,9124297.0
2018-08-06,6.75,6.78,6.54,6.57,6273110.0
2018-08-07,6.55,6.74,6.55,6.7,5313945.0
2018-08-08,6.66,6.72,6.57,6.59,5089900.0
2018-08-09,6.49,6.66,6.28,6.57,9731003.0
2018-08-10,6.5,6.61,6.44,6.53,5537911.0
2018-08-13,6.39,6.52,6.3,6.46,6173628.0
2018-08-14,6.43,6.53,6.37,6.46,4166666.0
2018-08-15,6.5,6.5,6.23,6.24,6696860.0
2018-08-16,6.21,6.21,6.0,6.02,8644549.0
2018-08-17,6.03,6.11,5.81,5.86,6038600.0
2018-08-20,5.86,5.94,5.68,5.83,7387971.0
2018-08-21,5.89,6.25,5.81,6.07,9832641.0
2018-08-22,6.09,6.14,5.92,5.96,6779010.0
2018-08-23,6.03,6.07,5.86,5.92,5245267.0
2018-08-24,5.88,5.9,5.79,5.84,5162785.0
2018-08-27,5.84,5.95,5.84,5.91,5553411.0
2018-08-28,5.94,5.97,5.85,5.92,4553764.0
2018-08-29,5.88,5.9,5.77,5.78,5181800.0
2018-08-30,5.76,5.86,5.73,5.75,4060853.0
2018-08-31,5.73,5.76,5.63,5.64,4229900.0
2018-09-03,5.64,5.64,5.41,5.47,7025629.0
2018-09-04,5.48,5.6,5.45,5.6,6146478.0
2018-09-05,5.61,5.61,5.2,5.24,24026361.0
2018-09-06,5.2,5.28,5.16,5.21,14807608.0
2018-09-07,5.2,5.44,5.19,5.29,19728165.0
2018-09-10,5.24,5.26,5.07,5.09,14955812.0
2018-09-11,5.14,5.22,5.08,5.15,10651575.0
2018-09-12,5.2,5.35,5.14,5.27,12979760.0
2018-09-13,5.34,5.38,5.21,5.3,10231153.0
2018-09-14,5.45,5.63,5.3,5.31,24252424.0
2018-09-17,5.22,5.24,5.02,5.06,14721233.0
2018-09-18,5.0,5.14,4.93,5.12,9893223.0
2018-09-19,5.13,5.25,5.06,5.21,11044072.0
2018-09-20,5.25,5.27,5.19,5.24,8692506.0
2018-09-21,5.26,5.5,5.23,5.43,21912457.0
2018-09-25,5.35,5.43,5.33,5.36,11692364.0
2018-09-26,5.37,5.45,5.35,5.37,12109604.0
2018-09-27,5.37,5.37,5.21,5.21,10352160.0
2018-09-28,5.28,5.45,5.27,5.34,12651231.0
2018-10-08,5.3,5.3,5.1,5.13,9295975.0
2018-10-09,5.12,5.17,5.07,5.09,5451973.0
2018-10-10,5.12,5.15,5.05,5.12,4944032.0
2018-10-11,4.93,4.96,4.61,4.61,18595851.0
2018-10-12,4.53,4.53,4.25,4.42,14223204.0
2018-10-15,4.45,4.45,4.22,4.28,10146385.0
2018-10-16,4.3,4.34,4.16,4.2,8208600.0
2018-10-17,4.3,4.3,4.17,4.23,6330928.0
2018-10-18,4.22,4.22,4.04,4.06,8470182.0
2018-10-19,3.95,4.15,3.95,4.14,9135220.0
2018-10-22,4.2,4.46,4.2,4.42,15353755.0
2018-10-23,4.43,4.53,4.31,4.37,13839918.0
2018-10-24,4.39,4.48,4.35,4.38,8161804.0
2018-10-25,4.2,4.56,4.18,4.44,16901892.0
2018-10-26,4.44,4.56,4.44,4.52,14989109.0
2018-10-29,4.49,4.51,4.33,4.34,10426376.0
2018-10-30,4.37,4.57,4.33,4.57,17989573.0
2018-10-31,4.48,4.55,4.43,4.51,17210570.0
2018-11-01,4.51,4.58,4.46,4.48,14427367.0
2018-11-02,4.53,4.71,4.51,4.65,21844422.0
2018-11-05,4.65,4.75,4.6,4.73,15780649.0
2018-11-06,4.68,4.73,4.62,4.67,12083111.0
2018-11-07,4.68,4.85,4.65,4.71,16342117.0
2018-11-08,4.74,4.75,4.65,4.66,8632176.0
2018-11-09,4.62,4.67,4.59,4.62,7850061.0
2018-11-12,5.06,5.08,4.82,4.9,33107874.0
2018-11-13,4.82,5.29,4.82,5.17,35293096.0
2018-11-14,5.12,5.22,5.06,5.13,21756510.0
2018-11-15,5.11,5.18,5.07,5.17,12607461.0
2018-11-16,5.2,5.29,5.1,5.14,13063906.0
2018-11-19,5.12,5.15,5.03,5.14,11011446.0
2018-11-20,5.11,5.12,4.91,4.94,12615063.0
2018-11-21,4.86,4.97,4.83,4.95,8289944.0
2018-11-22,4.96,5.19,4.95,5.14,13925835.0
2018-11-23,5.1,5.11,4.81,4.81,12413645.0
2018-11-26,4.81,4.89,4.76,4.8,6854047.0
2018-11-27,4.86,4.95,4.83,4.86,6890997.0
2018-11-28,4.85,4.94,4.72,4.92,8156686.0
2018-11-29,4.94,5.0,4.74,4.79,7010300.0
2018-11-30,4.8,4.86,4.72,4.84,5418216.0
2018-12-03,4.92,5.08,4.86,5.04,12697616.0
2018-12-04,5.01,5.19,5.0,5.11,12711145.0
2018-12-05,4.99,5.13,4.95,5.05,9196516.0
2018-12-06,5.05,5.05,4.9,4.91,8015727.0
2018-12-07,4.95,5.02,4.93,4.97,4866816.0
2018-12-10,4.93,4.93,4.82,4.84,6589650.0
2018-12-11,4.86,4.88,4.82,4.84,3707103.0
2018-12-12,4.87,4.97,4.87,4.93,5793337.0
2018-12-13,4.96,5.0,4.89,4.97,8373974.0
2018-12-14,4.96,4.97,4.82,4.83,8485213.0
2018-12-17,4.83,4.89,4.66,4.7,9455613.0
2018-12-18,4.69,4.73,4.49,4.6,9189734.0
2018-12-19,4.63,4.64,4.5,4.53,6799655.0
2018-12-20,4.5,4.52,4.44,4.5,6531925.0
2018-12-21,4.46,4.48,4.41,4.46,5237073.0
2018-12-24,4.45,4.54,4.43,4.54,4871555.0
2018-12-25,4.46,4.46,4.31,4.43,6680001.0
2018-12-26,4.4,4.45,4.37,4.38,3525413.0
2018-12-27,4.45,4.48,4.26,4.33,5627917.0
2018-12-28,4.33,4.4,4.29,4.33,4577400.0
2019-01-02,4.35,4.36,4.25,4.28,5112200.0
2019-01-03,4.25,4.33,4.23,4.24,4856000.0
2019-01-04,4.19,4.37,4.17,4.34,8021596.0
2019-01-07,4.37,4.49,4.37,4.47,8483382.0
2019-01-08,4.48,4.53,4.44,4.48,6440300.0
2019-01-09,4.93,4.93,4.93,4.93,13399742.0
2019-01-10,5.1,5.14,4.78,4.84,41348030.0
2019-01-11,4.68,4.85,4.63,4.77,19479462.0
2019-01-14,4.76,4.76,4.6,4.65,11776601.0
2019-01-15,4.65,4.7,4.59,4.69,11338135.0
2019-01-16,4.69,4.71,4.63,4.64,7350232.0
2019-01-17,4.62,4.63,4.52,4.55,9807933.0
2019-01-18,4.56,4.59,4.51,4.56,9637120.0
2019-01-21,4.6,4.61,4.52,4.55,9638682.0
2019-01-22,4.56,4.56,4.41,4.43,10398668.0
2019-01-23,4.41,4.49,4.4,4.43,7376551.0
2019-01-24,4.44,4.47,4.39,4.42,9729976.0
2019-01-25,4.43,4.45,4.35,4.36,9317447.0
2019-01-28,4.39,4.4,4.28,4.29,8533393.0
2019-01-29,4.3,4.3,4.07,4.18,11354400.0
2019-01-30,4.15,4.21,4.07,4.13,7720600.0
2019-01-31,4.14,4.16,4.03,4.04,10799642.0
2019-02-01,4.05,4.22,4.05,4.21,9149400.0
2019-02-11,4.24,4.34,4.22,4.32,9601663.0
2019-02-12,4.33,4.42,4.31,4.41,11315887.0
2019-02-13,4.43,4.64,4.38,4.53,20856600.0
2019-02-14,4.49,4.52,4.43,4.47,13172806.0
2019-02-15,4.47,4.5,4.44,4.44,11153400.0
2019-02-18,4.46,4.61,4.46,4.6,17969605.0
2019-02-19,4.65,4.71,4.57,4.63,20503537.0
2019-02-20,4.63,4.69,4.58,4.68,13402400.0
2019-02-21,4.67,4.89,4.59,4.69,31169566.0
2019-02-22,4.65,4.74,4.59,4.73,19090391.0
2019-02-25,4.76,5.0,4.74,4.96,37967672.0
2019-02-26,4.98,5.15,4.95,5.01,40692036.0
2019-02-27,5.0,5.13,4.96,5.06,29365478.0
2019-02-28,5.04,5.28,5.0,5.22,33480882.0
2019-03-01,5.24,5.24,5.06,5.13,30466223.0
2019-03-04,5.11,5.36,5.1,5.21,43208461.0
2019-03-05,5.18,5.29,5.12,5.29,25257322.0
2019-03-06,5.33,5.82,5.26,5.82,87729666.0
2019-03-07,5.82,5.82,5.56,5.72,72046771.0
2019-03-08,5.55,5.6,5.22,5.22,49365783.0
2019-03-11,5.22,5.44,5.2,5.43,30739907.0
2019-03-12,5.4,5.66,5.38,5.55,35863410.0
2019-03-13,5.5,5.51,5.35,5.37,28030153.0
2019-03-14,5.33,5.41,5.16,5.23,22044958.0
2019-03-15,5.24,5.41,5.24,5.32,18836722.0
2019-03-18,5.33,5.48,5.24,5.47,24276483.0
2019-03-19,5.48,5.5,5.35,5.4,19429515.0
2019-03-20,5.4,5.6,5.35,5.54,32528080.0
2019-03-21,5.52,5.58,5.47,5.53,26217322.0
2019-03-22,5.53,5.77,5.46,5.69,39353948.0
2019-03-25,5.55,5.64,5.5,5.52,29814334.0
2019-03-26,5.52,5.57,5.24,5.27,23275800.0
2019-03-27,5.31,5.35,5.05,5.17,22276922.0
2019-03-28,5.14,5.22,5.08,5.12,14524079.0
2019-03-29,5.12,5.26,5.07,5.25,17240177.0
2019-04-01,5.26,5.55,5.25,5.5,27205675.0
2019-04-02,5.51,5.63,5.48,5.63,32713234.0
2019-04-03,5.65,5.75,5.55,5.71,34219485.0
2019-04-04,5.7,5.85,5.68,5.78,38926928.0
2019-04-08,5.87,5.95,5.64,5.83,36986586.0
2019-04-09,5.78,6.08,5.69,6.03,50736545.0
2019-04-10,5.91,6.37,5.87,6.11,56555266.0
2019-04-11,6.13,6.42,6.06,6.09,52621784.0
2019-04-12,6.17,6.38,6.03,6.2,49119707.0
2019-04-15,6.16,6.26,5.88,5.89,48298986.0
2019-04-16,5.87,6.05,5.73,6.0,30736083.0
2019-04-17,6.0,6.6,5.99,6.6,91374792.0
2019-04-18,6.59,6.8,6.3,6.35,82804606.0
2019-04-19,6.42,6.74,6.25,6.6,67093489.0
2019-04-22,6.65,6.65,6.28,6.3,42652667.0
2019-04-23,6.24,6.26,6.0,6.05,33336470.0
2019-04-24,6.02,6.27,6.02,6.17,26795034.0
2019-04-25,6.14,6.15,5.78,5.81,29879994.0
2019-04-26,5.69,5.76,5.53,5.59,21461815.0
2019-04-29,5.57,5.64,5.2,5.24,26704242.0
2019-04-30,5.24,5.55,5.23,5.49,20019376.0
2019-05-06,5.33,5.33,4.94,4.94,26377824.0
2019-05-07,4.99,5.16,4.99,5.06,18187915.0
2019-05-08,4.92,5.17,4.83,4.99,19972572.0
2019-05-09,4.94,5.05,4.9,4.99,16492203.0
2019-05-10,5.04,5.15,4.88,5.11,19421952.0
2019-05-13,5.04,5.07,4.96,4.98,12018776.0
2019-05-14,4.9,4.97,4.85,4.89,10726628.0
2019-05-15,4.95,5.01,4.92,5.01,14170831.0
2019-05-16,5.02,5.14,5.01,5.09,16707549.0
2019-05-17,5.09,5.09,4.78,4.84,17386972.0
2019-05-20,4.86,4.86,4.61,4.73,11297153.0
2019-05-21,4.73,4.87,4.7,4.8,10351831.0
2019-05-22,4.8,4.82,4.67,4.7,9017400.0
2019-05-23,4.67,4.69,4.5,4.54,11603100.0
2019-05-24,4.51,4.74,4.46,4.63,17787868.0
2019-05-27,4.58,4.58,4.38,4.57,23932436.0
2019-05-28,4.51,4.68,4.5,4.57,19939336.0
2019-05-29,4.57,4.6,4.52,4.54,10207227.0
2019-05-30,4.52,4.52,4.41,4.45,12620015.0
2019-05-31,4.45,4.49,4.34,4.37,14592123.0
2019-06-03,4.39,4.44,4.29,4.3,14662716.0
2019-06-04,4.31,4.32,4.23,4.24,10320206.0
2019-06-05,4.29,4.33,4.22,4.24,12346787.0
2019-06-06,4.23,4.23,4.07,4.09,14183809.0
2019-06-10,4.14,4.16,4.08,4.13,12652280.0
2019-06-11,4.12,4.54,4.1,4.5,32107016.0
2019-06-12,4.41,4.49,4.34,4.4,22881046.0
2019-06-13,4.34,4.46,4.32,4.46,15472938.0
2019-06-14,4.45,4.46,4.31,4.33,13210000.0
2019-06-17,4.36,4.36,4.29,4.33,11018918.0
2019-06-18,4.33,4.35,4.26,4.29,9031900.0
2019-06-19,4.37,4.43,4.28,4.29,18489963.0
2019-06-20,4.3,4.39,4.25,4.36,24282395.0
2019-06-21,4.37,4.48,4.36,4.42,33790397.0
2019-06-24,4.39,4.43,4.36,4.42,15900177.0
2019-06-25,4.41,4.41,4.26,4.3,17056010.0
2019-06-26,4.27,4.33,4.25,4.28,8249672.0
2019-06-27,4.28,4.33,4.28,4.3,10306099.0
2019-06-28,4.3,4.3,4.19,4.21,10293349.0
2019-07-01,4.23,4.34,4.23,4.34,16382072.0
2019-07-02,4.34,4.48,4.31,4.37,26481874.0
2019-07-03,4.35,4.42,4.34,4.37,16240137.0
2019-07-04,4.38,4.47,4.36,4.43,17624189.0
2019-07-05,4.44,4.45,4.35,4.4,12970817.0
2019-07-08,4.36,4.38,4.17,4.18,19630177.0
2019-07-09,4.17,4.24,4.17,4.21,7678700.0
2019-07-10,4.23,4.23,4.13,4.16,8795400.0
2019-07-11,4.18,4.21,4.13,4.14,7360000.0
2019-07-12,4.17,4.17,4.11,4.15,5840201.0
2019-07-15,4.15,4.21,4.04,4.19,12180013.0
2019-07-16,4.16,4.2,4.14,4.2,7402501.0
2019-07-17,4.21,4.35,4.17,4.27,16932737.0
2019-07-18,4.22,4.22,4.11,4.12,10282201.0
2019-07-19,4.14,4.19,4.13,4.14,7025021.0
2019-07-22,4.14,4.15,4.0,4.03,10362759.0
2019-07-23,4.04,4.1,4.02,4.08,6811946.0
2019-07-24,4.07,4.14,4.07,4.11,8604317.0
2019-07-25,4.1,4.11,4.07,4.09,6597064.0
2019-07-26,4.07,4.09,4.03,4.07,5805500.0
2019-07-29,4.07,4.09,4.04,4.05,5033500.0
2019-07-30,4.05,4.12,4.04,4.08,6731000.0
2019-07-31,4.06,4.08,4.03,4.06,5065300.0
2019-08-01,4.04,4.14,4.02,4.11,13150317.0
2019-08-02,4.05,4.07,4.01,4.06,8234439.0
2019-08-05,4.04,4.06,4.0,4.0,7523100.0
2019-08-06,3.92,3.92,3.76,3.81,15130193.0
2019-08-07,3.84,3.85,3.78,3.78,8189000.0
2019-08-08,3.79,3.82,3.77,3.79,6752200.0
2019-08-09,3.81,3.82,3.71,3.71,7307889.0
2019-08-12,3.71,3.74,3.68,3.73,9585641.0
2019-08-13,3.7,3.7,3.65,3.67,6829500.0
2019-08-14,3.71,3.74,3.68,3.68,6187880.0
2019-08-15,3.6,3.65,3.53,3.64,9762623.0
2019-08-16,3.62,3.69,3.6,3.64,6991600.0
2019-08-19,3.65,3.76,3.64,3.76,13205153.0
2019-08-20,3.71,3.77,3.69,3.71,15709750.0
2019-08-21,3.7,3.71,3.58,3.62,20006191.0
2019-08-22,3.61,3.64,3.56,3.61,12601052.0
2019-08-23,3.61,3.64,3.58,3.62,11635085.0
2019-08-26,3.55,3.72,3.51,3.67,21041611.0
2019-08-27,3.65,3.77,3.64,3.73,22218258.0
2019-08-28,3.91,4.02,3.77,3.78,28764994.0
2019-08-29,3.73,3.79,3.71,3.73,18331097.0
2019-08-30,3.75,3.76,3.61,3.62,14461189.0
2019-09-02,3.6,3.7,3.6,3.68,10961986.0
2019-09-03,3.69,3.7,3.66,3.69,9896873.0
2019-09-04,3.68,3.72,3.63,3.72,12462700.0
2019-09-05,3.74,3.78,3.7,3.74,36153404.0
2019-09-06,3.75,3.85,3.71,3.75,27159785.0
2019-09-09,3.78,3.81,3.75,3.81,23754186.0
2019-09-10,3.8,3.86,3.77,3.86,20034544.0
2019-09-11,3.85,3.93,3.83,3.87,26866706.0
2019-09-12,3.88,3.9,3.83,3.9,16676194.0
2019-09-16,3.89,3.92,3.84,3.87,16423415.0
2019-09-17,3.87,3.87,3.72,3.73,19444400.0
2019-09-18,3.74,3.75,3.68,3.69,12730888.0
2019-09-19,3.71,3.71,3.62,3.7,13006299.0
2019-09-20,3.7,3.78,3.68,3.72,16251473.0
2019-09-23,3.69,3.7,3.6,3.64,12819616.0
2019-09-24,3.64,3.74,3.61,3.67,15899589.0
2019-09-25,3.69,3.69,3.57,3.58,13604300.0
2019-09-26,3.59,3.6,3.5,3.5,12399827.0
2019-09-27,3.51,3.57,3.5,3.53,8471415.0
2019-09-30,3.53,3.57,3.48,3.48,8254686.0
2019-10-08,3.47,3.49,3.42,3.43,11583168.0
2019-10-09,3.42,3.45,3.38,3.44,9230328.0
2019-10-10,3.41,3.44,3.39,3.42,18376558.0
2019-10-11,3.4,3.41,3.2,3.26,37809820.0
2019-10-14,3.26,3.42,3.24,3.4,37967929.0
2019-10-15,3.41,3.42,3.3,3.32,16346279.0
2019-10-16,3.27,3.31,3.2,3.22,17918301.0
2019-10-17,3.22,3.45,3.17,3.37,43788490.0
2019-10-18,3.3,3.33,3.16,3.23,42353816.0
2019-10-21,3.19,3.21,3.11,3.15,20633345.0
2019-10-22,3.14,3.19,3.13,3.17,15176945.0
2019-10-23,3.16,3.17,3.1,3.12,16142076.0
2019-10-24,3.12,3.13,3.08,3.11,12987311.0
2019-10-25,3.09,3.1,3.04,3.09,14547803.0
2019-10-28,3.08,3.13,3.05,3.12,18339654.0
2019-10-29,3.1,3.15,3.03,3.06,23772434.0
2019-10-30,3.01,3.01,2.89,2.89,30688138.0
2019-10-31,2.88,2.92,2.84,2.86,18349225.0
2019-11-01,2.85,2.93,2.83,2.92,16384274.0
2019-11-04,2.9,2.92,2.84,2.85,18157952.0
2019-11-05,2.85,2.93,2.85,2.87,12736539.0
2019-11-06,2.84,2.85,2.76,2.78,23193569.0
2019-11-07,2.76,2.87,2.75,2.8,17899100.0
2019-11-08,2.8,2.86,2.77,2.79,16454755.0
2019-11-11,2.75,2.75,2.64,2.67,23563733.0
2019-11-12,2.68,2.72,2.65,2.72,17828201.0
2019-11-13,2.71,2.71,2.64,2.66,16996200.0
2019-11-14,2.65,2.68,2.61,2.66,17172291.0
2019-11-15,2.67,2.67,2.58,2.58,17618600.0
2019-11-18,2.54,2.61,2.53,2.58,20036951.0
2019-11-19,2.59,2.69,2.58,2.68,28184827.0
2019-11-20,2.68,2.72,2.65,2.67,15786864.0
2019-11-21,2.65,2.69,2.63,2.67,13259759.0
2019-11-22,2.69,2.73,2.64,2.65,16955833.0
2019-11-25,2.67,2.71,2.64,2.7,17708224.0
2019-11-26,2.69,2.75,2.69,2.74,18255802.0
2019-11-27,2.72,2.72,2.66,2.67,15511359.0
2019-11-28,2.61,2.7,2.61,2.67,12210509.0
2019-11-29,2.66,2.71,2.64,2.69,10684867.0
2019-12-02,2.68,2.75,2.67,2.7,15861892.0
2019-12-03,2.69,2.78,2.65,2.76,24157814.0
2019-12-04,2.74,2.81,2.73,2.75,19101775.0
2019-12-05,2.76,2.76,2.72,2.75,14843606.0
2019-12-06,2.74,2.75,2.69,2.75,14263908.0
2019-12-09,2.73,2.75,2.72,2.75,11980882.0
2019-12-10,2.75,2.75,2.7,2.72,11094256.0
2019-12-11,2.72,2.77,2.69,2.72,22016444.0
2019-12-12,2.72,2.72,2.6,2.6,25189069.0
2019-12-13,2.6,2.64,2.59,2.62,18215451.0
2019-12-16,2.62,2.67,2.61,2.66,24634587.0
2019-12-17,2.66,2.93,2.65,2.93,70097836.0
2019-12-18,3.0,3.05,2.84,2.87,87966703.0
2019-12-19,2.86,3.16,2.82,3.16,94040298.0
2019-12-20,3.17,3.4,3.09,3.17,126102290.0
2019-12-23,3.1,3.16,2.95,2.96,70071516.0
2019-12-24,2.99,3.19,2.93,3.09,69002878.0
2019-12-25,3.07,3.15,3.0,3.04,51741940.0
2019-12-26,3.04,3.04,2.97,3.02,38292176.0
2019-12-27,3.03,3.19,3.01,3.06,69720889.0
2019-12-30,3.02,3.02,2.92,2.96,48573620.0
2019-12-31,2.98,3.0,2.9,2.93,34629395.0
2020-01-02,2.95,3.02,2.92,3.0,48096947.0
2020-01-03,3.01,3.04,2.97,3.02,32495074.0
2020-01-06,3.0,3.09,2.98,3.05,41075206.0
2020-01-07,3.05,3.16,3.04,3.09,40489312.0
2020-01-08,3.06,3.13,3.03,3.03,40625000.0
2020-01-09,3.06,3.1,3.03,3.06,28547067.0
2020-01-10,3.08,3.08,2.97,2.99,30072134.0
2020-01-13,3.02,3.09,3.02,3.05,29165342.0
2020-01-14,3.03,3.06,3.0,3.01,27608352.0
2020-01-15,3.02,3.02,2.9,2.92,24768866.0
2020-01-16,2.92,2.96,2.87,2.87,22965581.0
2020-01-17,2.88,2.91,2.86,2.87,14846152.0
2020-01-20,2.86,2.89,2.81,2.88,19540966.0
2020-01-21,2.65,2.7,2.59,2.68,62270879.0
2020-01-22,2.64,2.68,2.57,2.63,32669974.0
2020-01-23,2.61,2.65,2.51,2.56,28918353.0
2020-02-03,2.3,2.3,2.3,2.3,3888300.0
2020-02-04,2.1,2.25,2.1,2.22,36936216.0
2020-02-05,2.23,2.33,2.21,2.28,29444103.0
2020-02-06,2.28,2.32,2.25,2.29,23431544.0
2020-02-07,2.3,2.37,2.28,2.35,26942327.0
2020-02-10,2.33,2.4,2.31,2.39,27255437.0
2020-02-11,2.39,2.45,2.38,2.39,22258341.0
2020-02-12,2.39,2.46,2.38,2.45,22757916.0
2020-02-13,2.44,2.48,2.38,2.39,22223853.0
2020-02-14,2.38,2.42,2.37,2.38,16415281.0
2020-02-17,2.38,2.54,2.38,2.53,36255174.0
2020-02-18,2.54,2.63,2.52,2.57,32819050.0
2020-02-19,2.56,2.61,2.53,2.53,22733764.0
2020-02-20,2.52,2.6,2.52,2.59,24663025.0
2020-02-21,2.59,2.68,2.58,2.66,37244764.0
2020-02-24,2.64,2.69,2.6,2.66,31998967.0
2020-02-25,2.6,2.93,2.52,2.93,85341652.0
2020-02-26,2.97,3.1,2.79,2.79,125229734.0
2020-02-27,2.75,2.93,2.66,2.76,79235011.0
2020-02-28,2.61,2.68,2.52,2.53,53665709.0
2020-03-02,2.54,2.64,2.54,2.61,34403341.0
2020-03-03,2.65,2.76,2.61,2.63,43068407.0
2020-03-04,2.61,2.67,2.57,2.66,33927644.0
2020-03-05,2.69,2.74,2.65,2.72,38072265.0
2020-03-06,2.69,2.74,2.66,2.69,28720165.0
2020-03-09,2.65,2.69,2.56,2.56,30496025.0
2020-03-10,2.5,2.62,2.45,2.61,31539227.0
2020-03-11,2.61,2.7,2.6,2.62,32709818.0
2020-03-12,2.61,2.66,2.51,2.61,32737327.0
2020-03-13,2.47,2.58,2.45,2.54,31043217.0
2020-03-16,2.54,2.57,2.37,2.41,30076597.0
2020-03-17,2.41,2.45,2.28,2.35,25838123.0
2020-03-18,2.36,2.42,2.28,2.29,20613153.0
2020-03-19,2.26,2.31,2.22,2.28,21636922.0
2020-03-20,2.31,2.35,2.3,2.35,19694118.0
2020-03-23,2.3,2.32,2.23,2.26,17911097.0
2020-03-24,2.3,2.35,2.26,2.34,22096557.0
2020-03-25,2.37,2.57,2.34,2.57,66311177.0
2020-03-26,2.47,2.55,2.43,2.51,65290257.0
2020-03-27,2.51,2.55,2.41,2.43,34663300.0
2020-03-30,2.38,2.48,2.32,2.4,32195220.0
2020-03-31,2.42,2.57,2.38,2.52,52013999.0
2020-04-01,2.55,2.69,2.45,2.47,61297211.0
2020-04-02,2.43,2.54,2.41,2.46,39634857.0
2020-04-03,2.44,2.45,2.35,2.35,34148491.0
2020-04-07,2.39,2.48,2.37,2.47,37029902.0
2020-04-08,2.45,2.51,2.43,2.49,30701847.0
2020-04-09,2.49,2.59,2.46,2.55,37496166.0
2020-04-10,2.56,2.56,2.4,2.42,31846300.0
2020-04-13,2.4,2.43,2.35,2.36,17639200.0
2020-04-14,2.38,2.43,2.36,2.39,22116369.0
2020-04-15,2.4,2.4,2.34,2.35,21558367.0
2020-04-16,2.3,2.35,2.3,2.32,16544998.0
2020-04-17,2.33,2.35,2.28,2.29,18108400.0
2020-04-20,2.3,2.36,2.28,2.35,17885272.0
2020-04-21,2.33,2.33,2.29,2.31,10293200.0
2020-04-22,2.3,2.35,2.27,2.32,14333600.0
2020-04-23,2.33,2.34,2.28,2.28,18773287.0
2020-04-24,2.29,2.31,2.19,2.2,19382700.0
2020-04-27,2.15,2.2,2.13,2.14,19350208.0
2020-04-28,2.15,2.16,2.01,2.03,20694818.0
2020-04-29,2.02,2.06,2.0,2.01,14763400.0
2020-04-30,2.01,2.05,2.0,2.04,26884086.0
2020-05-06,2.01,2.07,2.0,2.05,22752605.0
2020-05-07,2.05,2.06,2.0,2.02,20416866.0
2020-05-08,2.02,2.04,2.0,2.02,15861832.0
2020-05-11,2.03,2.05,2.0,2.01,16080600.0
2020-05-12,2.0,2.01,1.88,1.91,35806983.0
2020-05-13,1.89,1.95,1.88,1.94,20597584.0
2020-05-14,1.92,1.93,1.89,1.9,13850067.0
2020-05-15,1.9,1.91,1.86,1.86,17173807.0
2020-05-18,1.87,1.88,1.8,1.82,19599918.0
2020-05-19,1.82,1.83,1.75,1.78,30151491.0
2020-05-20,1.77,1.96,1.75,1.96,57516008.0
2020-05-21,2.04,2.09,1.97,1.99,86691813.0
2020-05-22,1.95,2.02,1.9,1.91,46844871.0
2020-05-25,1.92,1.98,1.86,1.88,32216902.0
2020-05-26,1.88,1.93,1.87,1.9,28827200.0
2020-05-27,1.89,1.95,1.85,1.91,33282060.0
2020-05-28,1.9,1.96,1.86,1.88,30056141.0
2020-05-29,1.89,1.97,1.86,1.93,34769013.0
2020-06-01,1.92,2.04,1.91,2.01,40085501.0
2020-06-02,1.99,2.05,1.98,2.05,41006064.0
2020-06-03,2.06,2.22,2.03,2.16,44406491.0
2020-06-04,2.1,2.15,2.04,2.04,45704621.0
2020-06-05,2.04,2.08,2.02,2.05,31093931.0
2020-06-08,2.06,2.07,1.98,1.99,25780000.0
2020-06-09,1.99,2.02,1.97,2.0,28015605.0
2020-06-10,2.0,2.0,1.95,1.96,21784300.0
2020-06-11,1.96,2.12,1.94,2.01,54380289.0
2020-06-12,1.94,2.02,1.91,1.97,47581603.0
2020-06-15,1.95,1.97,1.89,1.89,34049316.0
2020-06-16,1.9,1.94,1.88,1.9,24417408.0
2020-06-17,1.9,1.91,1.83,1.87,27369798.0
2020-06-18,1.86,1.91,1.85,1.88,20779902.0
2020-06-19,1.8,1.87,1.76,1.83,44148135.0
2020-06-22,1.8,1.82,1.77,1.78,29592305.0
2020-06-24,1.69,1.69,1.69,1.69,1002400.0
2020-06-29,1.61,1.61,1.61,1.61,1298600.0
2020-06-30,1.53,1.53,1.53,1.53,1909000.0
2020-07-01,1.45,1.45,1.45,1.45,975500.0
2020-07-02,1.38,1.38,1.38,1.38,2452000.0
2020-07-03,1.31,1.35,1.31,1.31,101031300.0
2020-07-06,1.26,1.32,1.25,1.31,84932156.0
2020-07-07,1.29,1.31,1.26,1.29,54695145.0
2020-07-08,1.27,1.29,1.26,1.28,44720425.0
2020-07-09,1.29,1.34,1.28,1.34,68785214.0
2020-07-10,1.34,1.41,1.33,1.41,69013253.0
2020-07-13,1.41,1.42,1.34,1.38,61705419.0
2020-07-14,1.37,1.38,1.31,1.34,43233488.0
2020-07-15,1.33,1.34,1.3,1.3,33717102.0
2020-07-16,1.3,1.34,1.29,1.3,32985553.0
2020-07-17,1.29,1.3,1.24,1.25,49272706.0
2020-07-20,1.26,1.27,1.2,1.26,32295598.0
2020-07-21,1.32,1.32,1.32,1.32,7564667.0
2020-07-22,1.34,1.34,1.25,1.3,35493380.0
2020-07-23,1.28,1.31,1.26,1.29,21505891.0
2020-07-24,1.28,1.31,1.26,1.28,27225601.0
2020-07-27,1.28,1.28,1.23,1.26,19708922.0
2020-07-28,1.26,1.32,1.25,1.32,49809140.0
2020-07-29,1.29,1.33,1.29,1.31,33954835.0
2020-07-30,1.31,1.31,1.28,1.29,20808919.0
2020-07-31,1.28,1.3,1.27,1.28,19104061.0
2020-08-03,1.28,1.3,1.27,1.29,21760463.0
2020-08-04,1.29,1.34,1.28,1.33,41034475.0
2020-08-05,1.32,1.36,1.3,1.34,50320575.0
2020-08-06,1.34,1.35,1.31,1.33,30265859.0
2020-08-07,1.33,1.34,1.29,1.31,32867803.0
2020-08-10,1.31,1.37,1.29,1.34,41806101.0
2020-08-11,1.33,1.35,1.3,1.3,31472394.0
2020-08-12,1.29,1.29,1.25,1.27,29542300.0
2020-08-13,1.27,1.31,1.26,1.29,23257725.0
2020-08-14,1.29,1.3,1.28,1.29,16223515.0
2020-08-17,1.29,1.34,1.28,1.32,29473240.0
2020-08-18,1.31,1.34,1.29,1.33,31350793.0
2020-08-19,1.32,1.33,1.3,1.3,23685925.0
2020-08-20,1.29,1.33,1.28,1.31,27005073.0
2020-08-21,1.31,1.33,1.3,1.31,22634900.0
2020-08-24,1.31,1.32,1.29,1.3,22037353.0
2020-08-25,1.3,1.32,1.29,1.31,24614563.0
2020-08-26,1.3,1.31,1.25,1.27,35368000.0
2020-08-27,1.26,1.28,1.25,1.27,15587910.0
2020-08-28,1.27,1.28,1.25,1.27,19710500.0
2020-08-31,1.25,1.31,1.25,1.29,26595200.0
2020-09-01,1.28,1.29,1.27,1.28,16178810.0
2020-09-02,1.34,1.34,1.34,1.34,11220836.0
2020-09-03,1.41,1.41,1.36,1.41,65449130.0
2020-09-04,1.41,1.48,1.38,1.48,51197979.0
2020-09-07,1.55,1.55,1.55,1.55,5987800.0
2020-09-08,1.55,1.62,1.47,1.47,112251148.0
2020-09-09,1.42,1.53,1.4,1.45,76792989.0
2020-09-10,1.44,1.48,1.38,1.38,48567353.0
2020-09-11,1.35,1.38,1.32,1.38,33553000.0
2020-09-14,1.38,1.45,1.37,1.45,34836453.0
2020-09-15,1.45,1.47,1.4,1.4,43579153.0
2020-09-16,1.38,1.42,1.37,1.4,24090600.0
2020-09-17,1.47,1.47,1.47,1.47,7497926.0
2020-09-18,1.52,1.52,1.43,1.46,56121226.0
2020-09-21,1.43,1.43,1.4,1.41,28071001.0
2020-09-22,1.4,1.48,1.39,1.45,43698802.0
2020-09-23,1.45,1.48,1.41,1.43,31988402.0
2020-09-24,1.45,1.5,1.44,1.5,60815709.0
2020-09-25,1.49,1.5,1.43,1.47,54386117.0
2020-09-28,1.45,1.46,1.42,1.42,28531738.0
2020-09-29,1.41,1.45,1.4,1.41,21320628.0
2020-09-30,1.41,1.45,1.39,1.42,17495000.0
2020-10-09,1.42,1.44,1.39,1.41,25220800.0
2020-10-12,1.41,1.48,1.4,1.45,33045028.0
2020-10-13,1.5,1.52,1.47,1.52,52433867.0
2020-10-14,1.5,1.5,1.44,1.44,47350539.0
2020-10-15,1.43,1.49,1.43,1.46,22946839.0
2020-10-16,1.45,1.48,1.44,1.46,19172701.0
2020-10-19,1.45,1.5,1.45,1.49,24050739.0
2020-10-20,1.48,1.51,1.47,1.49,20427900.0
2020-10-21,1.49,1.5,1.45,1.46,20165900.0
2020-10-22,1.46,1.46,1.43,1.44,18310400.0
2020-10-23,1.44,1.45,1.43,1.44,11216700.0
2020-10-26,1.44,1.48,1.43,1.46,15453301.0
2020-10-27,1.45,1.46,1.43,1.44,11332200.0
2020-10-28,1.43,1.44,1.38,1.42,20001900.0
2020-10-29,1.4,1.41,1.38,1.4,13383400.0
2020-10-30,1.41,1.47,1.39,1.43,24626201.0
2020-11-02,1.42,1.42,1.36,1.39,21033200.0
2020-11-03,1.38,1.42,1.38,1.41,12651000.0
2020-11-04,1.4,1.41,1.38,1.4,12568013.0
2020-11-05,1.39,1.41,1.37,1.4,22562213.0
2020-11-06,1.4,1.41,1.38,1.38,15012900.0
2020-11-09,1.38,1.39,1.35,1.38,23300001.0
2020-11-10,1.37,1.38,1.34,1.35,21928510.0
2020-11-11,1.34,1.37,1.32,1.33,18710228.0
2020-11-12,1.32,1.36,1.28,1.33,31801800.0
2020-11-13,1.33,1.34,1.31,1.32,15646300.0
2020-11-16,1.32,1.33,1.3,1.3,17138700.0
2020-11-17,1.3,1.33,1.29,1.31,17590401.0
2020-11-18,1.3,1.32,1.29,1.31,14071210.0
2020-11-19,1.31,1.36,1.3,1.34,32241910.0
2020-11-20,1.39,1.41,1.38,1.41,14599851.0
2020-11-23,1.48,1.48,1.48,1.48,4690000.0
2020-11-24,1.53,1.55,1.43,1.46,71905888.0
2020-11-25,1.43,1.53,1.41,1.53,52918811.0
2020-11-26,1.53,1.61,1.49,1.55,75608017.0
2020-11-27,1.53,1.59,1.51,1.52,39933049.0
2020-11-30,1.53,1.6,1.49,1.6,58343597.0
2020-12-01,1.56,1.61,1.53,1.55,47460220.0
2020-12-02,1.53,1.54,1.48,1.49,38606137.0
2020-12-03,1.49,1.52,1.45,1.49,29531556.0
2020-12-04,1.48,1.5,1.46,1.48,13839942.0
2020-12-07,1.48,1.48,1.44,1.46,17195614.0
2020-12-08,1.45,1.52,1.42,1.5,33364991.0
2020-12-09,1.54,1.56,1.48,1.49,26370607.0
2020-12-10,1.47,1.5,1.46,1.48,14681700.0
2020-12-11,1.47,1.48,1.44,1.45,18315000.0
2020-12-14,1.45,1.45,1.39,1.41,19327081.0
2020-12-15,1.43,1.45,1.39,1.4,13174300.0
2020-12-16,1.4,1.41,1.36,1.37,18141997.0
2020-12-17,1.37,1.44,1.36,1.44,28354702.0
2020-12-18,1.43,1.51,1.41,1.48,35305575.0
2020-12-21,1.47,1.48,1.44,1.47,17326902.0
2020-12-22,1.46,1.51,1.45,1.46,21174100.0
2020-12-23,1.45,1.49,1.44,1.48,22287600.0
2020-12-24,1.48,1.5,1.41,1.43,43884439.0
2020-12-25,1.42,1.46,1.4,1.46,26126900.0
2020-12-28,1.44,1.46,1.41,1.42,20263118.0
2020-12-29,1.41,1.41,1.36,1.37,21217000.0
2020-12-30,1.36,1.38,1.35,1.36,12229708.0
2020-12-31,1.34,1.36,1.33,1.35,16091990.0
2021-01-04,1.34,1.38,1.33,1.36,15491800.0
2021-01-05,1.36,1.38,1.33,1.34,14737471.0
2021-01-06,1.34,1.35,1.31,1.32,14659700.0
2021-01-07,1.32,1.33,1.25,1.25,27611875.0
2021-01-08,1.22,1.25,1.19,1.2,29089401.0
2021-01-11,1.18,1.18,1.14,1.14,20327600.0
2021-01-12,1.2,1.2,1.2,1.2,3039940.0
2021-01-13,1.26,1.26,1.26,1.26,1217200.0
2021-01-14,1.32,1.32,1.3,1.32,31718830.0
2021-01-15,1.36,1.39,1.34,1.39,30071700.0
2021-01-18,1.45,1.46,1.42,1.46,22473736.0
2021-01-19,1.53,1.53,1.44,1.45,73517031.0
2021-01-20,1.46,1.51,1.41,1.43,37512700.0
2021-01-21,1.42,1.42,1.36,1.38,33346100.0
2021-01-22,1.39,1.45,1.36,1.45,23639905.0
2021-01-25,1.52,1.52,1.52,1.52,2695300.0
2021-01-26,1.6,1.6,1.6,1.6,2738000.0
2021-01-27,1.68,1.68,1.68,1.68,1849200.0
2021-01-28,1.76,1.76,1.76,1.76,1938700.0
2021-01-29,1.85,1.85,1.85,1.85,2087600.0
2021-02-01,1.76,1.94,1.76,1.85,96344949.0
2021-02-02,1.92,1.94,1.83,1.94,24833795.0
2021-02-03,2.0,2.04,1.94,2.04,107546971.0
2021-02-04,1.98,2.02,1.94,1.94,47835864.0
2021-02-05,1.84,2.03,1.84,1.94,53716705.0
2021-02-08,1.96,1.98,1.85,1.88,34016700.0
2021-02-09,1.82,1.93,1.79,1.83,36270050.0
2021-02-10,1.87,1.92,1.85,1.92,17920400.0
2021-02-18,2.02,2.02,2.02,2.02,1590575.0
2021-02-19,2.12,2.12,2.0,2.12,46098717.0
2021-02-22,2.21,2.23,2.16,2.23,13788298.0
2021-02-23,2.34,2.34,2.34,2.34,1523000.0
2021-02-24,2.46,2.46,2.46,2.46,1051300.0
2021-02-25,2.58,2.58,2.58,2.58,771600.0
2021-02-26,2.71,2.71,2.46,2.71,43658606.0
2021-03-01,2.8,2.85,2.74,2.85,20505772.0
2021-03-02,2.99,2.99,2.99,2.99,2661100.0
2021-03-03,3.14,3.14,3.14,3.14,1378300.0
2021-03-04,3.3,3.3,3.14,3.3,119612160.0
2021-03-05,3.38,3.4,3.14,3.32,82437170.0
2021-03-08,3.42,3.42,3.15,3.15,64572946.0
2021-03-09,3.29,3.31,3.14,3.31,31258200.0
2021-03-10,3.48,3.48,3.48,3.48,2556200.0
2021-03-18,3.65,3.65,3.52,3.65,27194435.0
2021-03-19,3.83,3.83,3.83,3.83,2145623.0
2021-03-22,4.02,4.02,4.02,4.02,2358192.0
2021-04-07,3.82,4.22,3.82,3.82,123246451.0
2021-04-08,3.63,3.71,3.63,3.63,21180501.0
2021-04-09,3.45,3.45,3.45,3.45,7490200.0
2021-04-12,3.36,3.62,3.36,3.62,38080139.0
2021-04-13,3.8,3.8,3.8,3.8,2642922.0
2021-04-14,3.93,3.99,3.62,3.99,121689243.0
2021-04-15,3.93,4.19,3.89,4.19,95517051.0
2021-04-16,4.14,4.38,4.0,4.08,89910971.0
2021-04-19,4.13,4.18,3.93,4.07,68421211.0
2021-04-20,3.99,4.07,3.87,3.87,54882950.0
2021-04-21,3.8,4.0,3.69,3.94,55566379.0
2021-04-22,3.75,3.86,3.74,3.74,40930050.0
2021-04-23,3.56,3.73,3.55,3.55,57643045.0
2021-04-26,3.73,3.73,3.73,3.73,7350500.0
2021-04-27,3.92,3.92,3.92,3.92,3532210.0
2021-04-28,4.12,4.12,3.92,4.12,87439815.0
2021-04-29,4.23,4.33,4.15,4.33,36611185.0
2021-04-30,4.5,4.55,4.41,4.55,45524772.0
2021-05-06,4.66,4.78,4.6,4.78,24085553.0
2021-05-07,5.0,5.02,4.95,5.02,12926969.0
2021-05-10,5.27,5.27,5.27,5.27,1805101.0
2021-05-11,5.53,5.53,5.02,5.53,108433344.0
2021-05-12,5.55,5.81,5.3,5.81,60026311.0
2021-05-13,5.52,5.52,5.52,5.52,11528700.0
2021-05-14,5.24,5.24,5.24,5.24,19642300.0
2021-05-17,4.98,4.98,4.98,4.98,9939200.0
2021-05-18,4.76,5.23,4.76,5.23,31729078.0
2021-05-19,5.49,5.49,5.49,5.49,3852000.0
2021-05-20,5.76,5.76,5.5,5.76,69840958.0
2021-05-21,5.86,6.05,5.79,6.05,68581824.0
2021-05-24,6.15,6.29,5.75,5.75,51365394.0
2021-05-25,5.46,6.04,5.46,6.04,49503933.0
2021-05-26,6.09,6.3,5.8,5.96,64257171.0
2021-05-27,5.98,6.06,5.66,5.68,50467316.0
2021-05-28,5.6,5.88,5.5,5.83,53554451.0
2021-05-31,5.79,5.85,5.54,5.54,39890152.0
2021-06-01,5.46,5.75,5.26,5.41,48367652.0
2021-06-02,5.26,5.37,5.14,5.14,45437656.0
2021-06-03,5.05,5.1,4.88,4.88,39034138.0
2021-06-04,4.65,4.74,4.64,4.64,21478298.0
2021-06-07,4.46,4.87,4.46,4.87,29143766.0
2021-06-08,5.11,5.11,5.11,5.11,1955100.0
2021-06-09,5.37,5.37,5.16,5.37,50302789.0
2021-06-10,5.64,5.64,5.64,5.64,2258119.0
2021-06-11,5.92,5.92,5.92,5.92,2286089.0
2021-06-15,6.22,6.22,6.0,6.22,46584817.0
2021-06-16,6.4,6.4,5.91,5.91,73986421.0
2021-06-17,5.79,6.21,5.62,6.21,63243345.0
2021-06-18,6.21,6.52,6.02,6.51,69708154.0
2021-06-21,6.4,6.84,6.4,6.84,50728664.0
2021-06-22,6.99,7.18,6.66,7.18,75571345.0
2021-06-23,7.2,7.54,7.0,7.54,47668153.0
2021-06-24,7.85,7.92,7.63,7.92,46024023.0
2021-06-25,7.8,8.3,7.52,7.52,94969899.0
2021-06-28,7.14,7.14,7.14,7.14,2908700.0
2021-06-29,6.78,7.5,6.78,7.5,90716259.0
2021-06-30,7.65,7.84,7.13,7.13,92811551.0
2021-07-01,6.97,7.11,6.77,6.77,45325054.0
2021-07-02,7.11,7.11,6.77,7.11,51705861.0
2021-07-05,6.78,7.28,6.78,6.95,58782867.0
2021-07-06,6.9,6.9,6.6,6.6,48773634.0
2021-07-07,6.37,6.8,6.27,6.4,69856794.0
2021-07-08,6.3,6.45,6.08,6.09,53060089.0
2021-07-09,5.99,6.39,5.84,6.39,64850227.0
2021-07-12,6.38,6.71,6.25,6.71,38849817.0
2021-07-13,6.94,7.05,6.7,6.79,76605227.0
2021-07-14,6.6,6.7,6.45,6.45,44171700.0
2021-07-15,6.29,6.65,6.18,6.46,42367518.0
2021-07-16,6.44,6.76,6.35,6.66,40778053.0
2021-07-19,6.89,6.99,6.81,6.99,35346400.0
2021-07-20,6.97,7.13,6.64,6.64,55483550.0
2021-07-21,6.47,6.97,6.39,6.73,52327438.0
2021-07-22,6.73,6.87,6.56,6.71,39393544.0
2021-07-23,6.7,6.79,6.62,6.7,24511652.0
2021-07-26,6.9,7.0,6.6,6.89,39482928.0
2021-07-27,6.74,6.83,6.64,6.66,26470576.0
2021-07-28,6.61,6.62,6.33,6.33,31252000.0
2021-07-29,6.25,6.46,6.21,6.34,28609520.0
2021-07-30,6.34,6.4,6.26,6.36,19823875.0
2021-08-02,6.28,6.39,6.2,6.2,24123143.0
2021-08-03,6.33,6.51,6.27,6.51,32251970.0
2021-08-04,6.61,6.84,6.58,6.84,21465301.0
2021-08-05,7.1,7.18,7.03,7.18,25549579.0
2021-08-06,7.1,7.32,6.93,7.07,38854640.0
2021-08-09,7.25,7.42,7.08,7.42,23245772.0
2021-08-10,7.6,7.79,7.35,7.41,50792372.0
2021-08-11,7.23,7.33,7.05,7.1,31608604.0
2021-08-12,7.05,7.46,6.9,7.44,47322715.0
2021-08-13,7.81,7.81,7.71,7.81,26504569.0
2021-08-16,7.88,8.2,7.83,8.2,20342434.0
2021-08-17,8.54,8.61,8.22,8.61,51037102.0
2021-08-18,8.89,8.98,8.18,8.18,67424068.0
2021-08-19,7.95,8.35,7.8,8.01,57312746.0
2021-08-20,8.1,8.2,7.66,8.18,47347007.0
2021-08-23,8.0,8.16,7.95,7.99,29037742.0
2021-08-24,8.0,8.02,7.76,7.82,34651767.0
2021-08-25,7.65,8.21,7.58,8.21,36998223.0
2021-08-26,8.27,8.55,8.01,8.08,50516731.0
2021-08-27,8.16,8.48,8.04,8.38,40022824.0
2021-08-30,8.17,8.24,7.96,7.96,40337992.0
2021-08-31,7.86,8.07,7.63,7.91,39934597.0
2021-09-01,7.87,7.96,7.73,7.81,24708079.0
2021-09-02,7.76,8.15,7.68,7.88,32383731.0
2021-09-03,7.8,7.9,7.74,7.78,20507448.0
2021-09-06,7.72,7.79,7.4,7.43,31822495.0
2021-09-07,7.47,7.8,7.47,7.71,38510575.0
2021-09-08,7.59,7.67,7.44,7.48,27069654.0
2021-09-09,7.41,7.65,7.29,7.52,29344000.0
2021-09-10,7.5,7.6,7.34,7.34,25037125.0
2021-09-13,7.28,7.54,7.06,7.19,41193939.0
2021-09-14,7.01,7.19,6.84,6.84,37724878.0
2021-09-15,6.8,7.09,6.76,6.95,31515288.0
2021-09-16,6.86,6.88,6.6,6.6,33811248.0
2021-09-17,6.6,6.87,6.6,6.72,30482558.0
2021-09-22,6.72,7.06,6.58,7.06,33386800.0
2021-09-23,7.06,7.14,6.86,6.88,29736300.0
2021-09-24,6.82,7.14,6.64,6.99,33707647.0
2021-09-27,7.0,7.03,6.64,6.66,27083901.0
2021-09-28,6.58,6.75,6.43,6.45,28983701.0
2021-09-29,6.34,6.39,6.13,6.13,31287074.0
2021-09-30,6.1,6.44,6.04,6.43,35400283.0
2021-10-08,6.6,6.75,6.52,6.75,12556201.0
2021-10-11,7.09,7.09,7.09,7.09,618800.0
2021-10-12,7.44,7.44,7.44,7.44,725100.0
2021-10-13,7.81,7.81,7.81,7.81,605501.0
2021-10-14,8.2,8.2,7.86,8.2,96224692.0
2021-10-15,8.08,8.31,8.02,8.13,44913333.0
2021-10-18,8.25,8.54,8.15,8.54,43557042.0
2021-10-19,8.7,8.96,8.23,8.26,62464964.0
2021-10-20,8.22,8.67,7.97,8.67,57815212.0
2021-10-21,8.6,9.1,8.55,8.98,56987066.0
2021-10-22,9.07,9.43,8.76,9.43,47785884.0
2021-10-25,8.96,9.87,8.96,9.4,68628270.0
2021-10-26,9.39,9.52,8.93,8.93,56667024.0
2021-10-27,9.2,9.26,8.48,8.48,67823233.0
2021-10-28,8.22,8.9,8.06,8.82,64785493.0
2021-10-29,8.85,9.17,8.63,9.07,63473371.0
2021-11-01,8.95,8.97,8.62,8.62,40463538.0
2021-11-02,8.39,8.78,8.25,8.41,46689075.0
2021-11-03,8.38,8.5,8.1,8.19,38882936.0
2021-11-04,8.25,8.6,8.19,8.6,35813069.0
2021-11-05,8.78,9.03,8.55,9.03,55421738.0
2021-11-08,9.18,9.48,9.05,9.48,41003526.0
2021-11-09,9.58,9.94,9.25,9.48,58368681.0
2021-11-10,9.45,9.46,9.01,9.01,45703800.0
2021-11-11,8.75,9.31,8.63,9.02,54032895.0
2021-11-12,8.85,9.07,8.66,8.66,41796933.0
2021-11-15,8.37,8.5,8.23,8.23,47993003.0
2021-11-16,8.23,8.53,8.22,8.33,43598141.0
2021-11-17,8.28,8.45,8.15,8.34,32398639.0
2021-11-18,8.26,8.29,8.04,8.05,39823969.0
2021-11-19,8.06,8.45,8.06,8.45,32995036.0
2021-11-22,8.7,8.87,8.45,8.87,43579792.0
2021-11-23,9.1,9.31,8.83,8.88,52794947.0
2021-11-24,8.75,8.75,8.45,8.45,41365377.0
2021-11-25,8.37,8.75,8.26,8.71,38975456.0
2021-11-26,8.8,8.84,8.44,8.58,34469866.0
2021-11-29,8.28,8.4,8.18,8.21,35013147.0
2021-11-30,8.35,8.62,8.26,8.62,24971890.0
2021-12-01,9.02,9.02,8.42,8.46,61809421.0
2021-12-02,8.3,8.62,8.25,8.29,44270247.0
2021-12-03,8.3,8.5,8.21,8.38,33812002.0
2021-12-06,8.34,8.75,8.24,8.57,43024802.0
2021-12-07,8.46,8.48,8.14,8.14,58453143.0
2021-12-08,7.9,8.06,7.76,7.78,46478678.0
2021-12-09,7.65,7.69,7.39,7.39,47512500.0
2021-12-10,7.15,7.74,7.02,7.53,81853824.0
2021-12-13,7.17,7.29,7.15,7.15,61268650.0
2021-12-14,7.04,7.28,6.89,7.06,46471409.0
2021-12-15,6.96,6.97,6.71,6.71,59863962.0
2021-12-16,6.48,6.92,6.37,6.56,85584996.0
2021-12-17,6.45,6.78,6.37,6.73,61824988.0
2021-12-20,6.55,6.68,6.39,6.39,51003650.0
2021-12-21,6.15,6.34,6.07,6.07,67006488.0
2021-12-22,6.16,6.28,6.04,6.1,50583079.0
2021-12-23,5.94,5.95,5.8,5.8,59234884.0
2021-12-24,5.66,5.68,5.51,5.51,54006185.0
2021-12-27,5.28,5.35,5.23,5.23,41763163.0
2021-12-28,5.49,5.49,5.49,5.49,5548547.0
2021-12-29,5.76,5.76,5.76,5.76,1094600.0
2021-12-30,6.05,6.05,5.95,6.05,38200735.0
2021-12-31,6.35,6.35,6.35,6.35,3727409.0
2022-01-04,6.67,6.67,6.67,6.67,2580600.0
2022-01-05,7.0,7.0,7.0,7.0,3197311.0
2022-01-06,7.0,7.0,6.65,6.65,70569700.0
2022-01-07,6.42,6.98,6.32,6.94,91064836.0
2022-01-10,6.65,6.77,6.59,6.59,51628360.0
2022-01-11,6.28,6.34,6.26,6.26,36892246.0
2022-01-12,5.96,6.24,5.95,5.95,74368098.0
2022-01-13,5.86,6.0,5.67,5.71,63022074.0
2022-01-14,5.56,5.81,5.52,5.65,55369344.0
2022-01-17,5.59,5.62,5.37,5.37,58593313.0
2022-01-18,5.3,5.64,5.21,5.64,54045087.0
2022-01-19,5.74,5.92,5.55,5.92,90144215.0
2022-01-20,5.8,5.83,5.62,5.62,52155572.0
2022-01-21,5.41,5.6,5.35,5.38,42584937.0
2022-01-24,5.28,5.36,5.17,5.17,40696504.0
2022-01-25,5.04,5.14,4.91,4.91,45334243.0
2022-01-26,5.01,5.16,4.95,5.16,19367914.0
2022-01-27,5.42,5.42,4.92,4.99,63223128.0
2022-01-28,4.82,4.95,4.74,4.81,45616705.0
2022-02-07,4.82,5.05,4.76,4.9,53474694.0
2022-02-08,4.75,4.81,4.66,4.66,48131445.0
2022-02-09,4.59,4.83,4.53,4.7,46754320.0
2022-02-10,4.65,4.74,4.6,4.7,31016451.0
2022-02-11,4.66,4.94,4.63,4.94,58315709.0
2022-02-14,4.8,4.86,4.69,4.69,45982430.0
2022-02-15,4.67,4.77,4.58,4.71,32167300.0
2022-02-16,4.69,4.93,4.67,4.79,37469274.0
2022-02-17,4.77,5.01,4.75,4.89,40052436.0
2022-02-18,4.81,4.84,4.72,4.75,30209393.0
2022-02-21,4.65,4.91,4.65,4.75,35691293.0
2022-02-22,4.73,4.78,4.62,4.62,30189451.0
2022-02-23,4.62,4.67,4.55,4.63,26606683.0
2022-02-24,4.61,4.64,4.4,4.4,48188600.0
2022-02-25,4.4,4.61,4.27,4.53,55024683.0
2022-02-28,4.47,4.48,4.35,4.36,34268200.0
2022-03-01,4.36,4.41,4.31,4.32,26645651.0
2022-03-02,4.37,4.45,4.33,4.37,29663819.0
2022-03-03,4.32,4.36,4.17,4.18,41133570.0
2022-03-04,4.12,4.18,4.01,4.02,38102300.0
2022-03-07,3.92,3.95,3.82,3.82,45152099.0
2022-03-08,3.78,3.79,3.63,3.63,50946987.0
2022-03-09,3.57,3.61,3.45,3.45,54161336.0
2022-03-10,3.52,3.62,3.5,3.62,16196193.0
2022-03-11,3.8,3.8,3.44,3.8,62484470.0
2022-03-14,3.81,3.99,3.72,3.99,30659483.0
2022-03-15,4.19,4.19,4.01,4.19,54139173.0
2022-03-16,4.13,4.25,3.98,3.99,85125259.0
2022-03-17,3.9,3.94,3.79,3.79,68660378.0
2022-03-18,3.77,3.97,3.7,3.88,61635500.0
2022-03-21,3.81,3.84,3.7,3.71,48849600.0
2022-03-22,3.67,3.83,3.59,3.72,46361183.0
2022-03-23,3.68,3.91,3.67,3.91,37893300.0
2022-03-24,4.0,4.11,3.89,4.11,79469773.0
2022-03-25,3.98,4.04,3.9,3.9,63236100.0
2022-03-28,3.96,4.1,3.92,4.1,67712323.0
2022-03-29,4.0,4.08,3.93,3.99,56009543.0
2022-03-30,3.99,4.0,3.9,3.93,30587100.0
2022-03-31,3.9,3.98,3.77,3.79,40672351.0
2022-04-01,3.74,3.97,3.74,3.91,36654600.0
2022-04-06,3.94,4.03,3.9,3.96,28530100.0
2022-04-07,3.91,3.94,3.8,3.81,28440342.0
2022-04-08,3.81,3.95,3.78,3.87,26344843.0
2022-04-11,3.81,3.85,3.68,3.7,27772501.0
2022-04-12,3.74,3.8,3.65,3.75,23579800.0
2022-04-13,3.78,3.94,3.76,3.9,48884761.0
2022-04-14,3.84,3.91,3.75,3.8,38170500.0
2022-04-15,3.8,3.82,3.68,3.72,23855443.0
2022-04-18,3.66,3.84,3.62,3.73,24221900.0
2022-04-19,3.68,3.76,3.68,3.72,14547701.0
2022-04-20,3.69,3.73,3.62,3.65,18408901.0
2022-04-21,3.65,3.67,3.48,3.48,26663301.0
2022-04-22,3.47,3.64,3.43,3.64,23861720.0
2022-04-25,3.63,3.8,3.57,3.65,37267551.0
2022-04-26,3.78,3.79,3.48,3.49,39489603.0
2022-04-27,3.33,3.38,3.32,3.32,42355600.0
2022-04-28,3.3,3.39,3.17,3.22,31754288.0
2022-04-29,3.13,3.28,3.07,3.21,41258176.0
2022-05-05,3.21,3.28,3.12,3.18,28861900.0
2022-05-06,3.09,3.15,3.06,3.07,28734903.0
2022-05-09,3.1,3.22,3.08,3.22,29047990.0
2022-05-10,3.2,3.29,3.13,3.23,40376588.0
2022-05-11,3.16,3.27,3.14,3.21,33283588.0
2022-05-12,3.24,3.35,3.17,3.2,30314800.0
2022-05-13,3.18,3.3,3.17,3.28,32608600.0
2022-05-16,3.28,3.29,3.22,3.24,22205900.0
2022-05-17,3.24,3.32,3.23,3.28,23917176.0
2022-05-18,3.27,3.44,3.25,3.39,34321212.0
2022-05-20,3.56,3.56,3.56,3.56,1192825.0
2022-05-23,3.74,3.74,3.74,3.74,765001.0
2022-05-24,3.93,3.93,3.93,3.93,1243800.0
2022-05-25,4.13,4.13,4.13,4.13,1720800.0
2022-05-26,4.34,4.34,3.92,4.18,120312779.0
2022-05-27,4.14,4.25,3.97,3.97,61570000.0
2022-05-30,3.82,3.9,3.77,3.77,53589036.0
2022-05-31,3.7,3.84,3.63,3.73,44172602.0
2022-06-01,3.69,3.92,3.68,3.92,68159102.0
2022-06-02,3.81,3.88,3.75,3.78,58380232.0
2022-06-06,3.7,3.72,3.59,3.6,52880023.0
2022-06-07,3.56,3.72,3.54,3.69,44308600.0
2022-06-08,3.65,3.71,3.56,3.64,32918000.0
2022-06-09,3.62,3.64,3.55,3.56,20576200.0
2022-06-10,3.57,3.69,3.57,3.64,26984408.0
2022-06-13,3.82,3.82,3.82,3.82,2987600.0
2022-06-14,4.01,4.01,3.85,4.01,87088831.0
2022-06-15,3.97,4.03,3.82,3.83,69000360.0
2022-06-16,3.74,3.8,3.67,3.7,44461148.0
2022-06-17,3.7,3.83,3.69,3.8,35225835.0
2022-06-20,3.71,3.76,3.65,3.68,38304610.0
2022-06-21,3.71,3.78,3.66,3.7,27642003.0
2022-06-22,3.72,3.78,3.7,3.74,28430445.0
2022-06-23,3.71,3.73,3.6,3.69,39809421.0
2022-06-24,3.71,3.72,3.58,3.65,38163953.0
2022-06-27,3.63,3.64,3.56,3.6,29756389.0
2022-06-28,3.59,3.7,3.57,3.65,34997567.0
2022-06-29,3.62,3.64,3.56,3.58,29547554.0
2022-06-30,3.58,3.6,3.51,3.52,27176500.0
2022-07-01,3.5,3.58,3.43,3.56,32460995.0
2022-07-04,3.54,3.64,3.51,3.56,25521865.0
2022-07-05,3.55,3.61,3.5,3.51,19660641.0
2022-07-06,3.5,3.51,3.45,3.45,19450769.0
2022-07-07,3.44,3.54,3.42,3.5,23720827.0
2022-07-08,3.49,3.53,3.46,3.46,17375027.0
2022-07-11,3.43,3.44,3.32,3.34,24339647.0
2022-07-12,3.34,3.43,3.33,3.34,21216058.0
2022-07-13,3.33,3.42,3.27,3.37,26239078.0
2022-07-14,3.39,3.54,3.38,3.54,20077072.0
2022-07-15,3.53,3.64,3.49,3.54,45028919.0
2022-07-18,3.54,3.55,3.47,3.48,21715405.0
2022-07-19,3.47,3.65,3.47,3.65,46851919.0
2022-07-20,3.66,3.83,3.65,3.83,49325875.0
2022-07-21,3.86,3.89,3.73,3.77,50371674.0
2022-07-22,3.77,3.96,3.77,3.96,60569384.0
2022-07-25,3.99,4.15,3.86,3.89,71802935.0
2022-07-26,3.85,3.97,3.77,3.8,57359646.0
2022-07-27,3.8,3.99,3.76,3.97,58671109.0
2022-07-28,3.95,4.07,3.91,3.92,37192687.0
2022-07-29,3.9,4.06,3.88,4.0,37669422.0
2022-08-01,4.0,4.05,3.93,4.01,29043916.0
2022-08-02,3.94,3.96,3.81,3.81,43427464.0
2022-08-03,3.75,3.87,3.7,3.7,36724486.0
2022-08-04,3.74,3.85,3.7,3.82,27757232.0
2022-08-05,3.85,4.01,3.83,4.01,41020545.0
2022-08-08,3.98,4.21,3.96,4.21,52925474.0
2022-08-09,4.2,4.24,4.07,4.1,44798737.0
2022-08-10,4.11,4.27,4.11,4.23,36512667.0
2022-08-11,4.2,4.35,4.16,4.27,34671801.0
2022-08-12,4.27,4.48,4.25,4.48,44456657.0
2022-08-15,4.45,4.6,4.3,4.34,56211917.0
2022-08-16,4.33,4.56,4.28,4.52,40999634.0
2022-08-17,4.49,4.72,4.47,4.57,46350255.0
2022-08-18,4.61,4.8,4.48,4.8,58635014.0
2022-08-19,4.82,5.04,4.78,5.04,47522925.0
2022-08-22,5.29,5.29,5.19,5.29,21362112.0
2022-08-23,5.51,5.55,5.45,5.55,17162867.0
2022-08-24,5.77,5.83,5.27,5.27,123539521.0
2022-08-25,5.31,5.33,5.01,5.01,75788113.0
2022-08-26,4.94,5.26,4.92,5.26,70787979.0
2022-08-29,5.26,5.26,5.0,5.0,59718777.0
2022-08-30,4.98,5.09,4.81,4.88,56450023.0
2022-08-31,4.82,4.92,4.66,4.78,48239845.0
2022-09-01,4.8,5.02,4.77,4.93,55411264.0
2022-09-02,4.93,5.17,4.9,5.11,47888455.0
2022-09-05,5.07,5.08,4.92,4.99,30799441.0
2022-09-06,4.98,5.22,4.96,5.1,41118905.0
2022-09-07,5.06,5.14,4.96,5.05,29167302.0
2022-09-08,5.1,5.21,5.04,5.07,29143099.0
2022-09-09,5.07,5.2,4.97,5.13,36046205.0
2022-09-13,5.22,5.39,5.17,5.39,52175012.0
2022-09-14,5.26,5.66,5.22,5.57,72901093.0
2022-09-15,5.57,5.72,5.5,5.65,61328771.0
2022-09-16,5.57,5.65,5.37,5.37,43644980.0
2022-09-19,5.21,5.24,5.1,5.1,37675880.0
2022-09-20,5.02,5.16,4.95,4.96,41047852.0
2022-09-21,5.0,5.08,4.86,5.04,34376582.0
2022-09-22,5.03,5.28,4.99,5.2,36680507.0
2022-09-23,5.17,5.3,5.0,5.01,41675350.0
2022-09-26,4.92,4.98,4.76,4.76,34638100.0
2022-09-27,4.72,4.8,4.52,4.76,45535675.0
2022-09-28,4.75,4.78,4.52,4.52,34589823.0
2022-09-29,4.58,4.75,4.33,4.75,51545113.0
2022-09-30,4.7,4.95,4.63,4.84,41894102.0
2022-10-10,4.76,4.85,4.6,4.6,30347498.0
2022-10-11,4.54,4.56,4.37,4.37,37015527.0
2022-10-12,4.42,4.45,4.16,4.29,46528755.0
2022-10-13,4.27,4.38,4.21,4.27,35480381.0
2022-10-14,4.3,4.46,4.3,4.39,37110836.0
2022-10-17,4.34,4.42,4.27,4.38,27375395.0
2022-10-18,4.47,4.6,4.44,4.6,21166548.0
2022-10-19,4.83,4.83,4.83,4.83,1230500.0
2022-10-20,5.07,5.07,5.07,5.07,3158067.0
2022-10-21,5.1,5.1,4.82,4.82,81853488.0
2022-10-24,4.74,4.79,4.58,4.58,50615809.0
2022-10-25,4.63,4.81,4.53,4.81,56499773.0
2022-10-26,4.81,5.0,4.67,4.83,55189918.0
2022-10-27,4.84,4.86,4.63,4.66,39972936.0
2022-10-28,4.53,4.75,4.46,4.63,48352963.0
2022-10-31,4.58,4.72,4.48,4.51,32972669.0
2022-11-01,4.74,4.74,4.69,4.74,33964073.0
2022-11-03,5.21,5.21,5.02,5.21,72395499.0
2022-11-04,5.73,5.73,5.61,5.73,41652724.0
2022-11-07,6.3,6.3,6.3,6.3,34120706.0
2022-11-08,6.3,6.89,5.77,6.72,368548165.0
2022-11-09,6.69,7.39,6.69,7.39,379070487.0
2022-11-10,7.45,8.13,7.2,8.13,452995744.0
2022-11-11,8.4,8.5,7.32,7.51,455251245.0
2022-11-14,7.1,7.65,6.77,6.78,318823255.0
2022-11-15,6.81,7.24,6.77,6.94,289910725.0
2022-11-16,6.84,7.21,6.28,7.05,379671095.0
2022-11-17,6.88,6.98,6.53,6.54,254869712.0
2022-11-18,6.54,6.64,6.31,6.35,211597664.0
2022-11-21,6.29,6.48,6.1,6.33,168971568.0
2022-11-22,6.3,6.41,6.11,6.12,156414401.0
2022-11-23,6.05,6.13,5.87,5.96,164076740.0
2022-11-24,5.96,6.05,5.9,5.94,112978834.0
2022-11-25,5.95,6.03,5.88,5.99,106884192.0
2022-11-28,5.94,6.32,5.8,6.19,165787791.0
2022-11-29,6.12,6.28,6.11,6.16,115134080.0
2022-11-30,6.12,6.75,6.09,6.48,231811331.0
2022-12-01,6.5,6.55,6.25,6.29,156769848.0
2022-12-02,6.32,6.36,6.15,6.34,104162240.0
2022-12-05,6.3,6.34,6.1,6.12,110109726.0
2022-12-06,6.07,6.16,6.02,6.05,86317717.0
2022-12-07,6.06,6.15,6.01,6.03,63868056.0
2022-12-08,5.95,6.02,5.87,5.9,76941164.0
2022-12-09,5.95,5.96,5.82,5.85,54172301.0
2022-12-12,5.8,5.85,5.68,5.72,72194159.0
2022-12-13,5.75,5.94,5.64,5.67,97589108.0
2022-12-14,5.56,5.7,5.56,5.68,66229069.0
2022-12-15,5.7,5.89,5.67,5.81,97306191.0
2022-12-16,5.75,5.75,5.37,5.5,142183215.0
2022-12-19,5.78,6.05,5.68,5.81,320468254.0
2022-12-20,5.39,5.44,5.23,5.23,233625260.0
2022-12-21,5.1,5.19,4.93,4.96,140652527.0
2022-12-22,5.0,5.05,4.84,4.85,112678715.0
2022-12-23,4.79,4.86,4.66,4.71,114046830.0
2022-12-26,4.69,4.81,4.66,4.74,127873419.0
2022-12-27,4.7,4.72,4.48,4.53,184900650.0
2022-12-28,4.46,4.47,4.26,4.27,163201319.0
2022-12-29,4.32,4.38,4.22,4.23,139169254.0
2022-12-30,4.28,4.32,4.23,4.26,98938231.0
2023-01-03,4.27,4.42,4.23,4.41,153500827.0
2023-01-04,4.38,4.48,4.35,4.43,102490790.0
2023-01-05,4.46,4.66,4.41,4.49,174896806.0
2023-01-06,4.43,4.53,4.41,4.48,101250203.0
2023-01-09,4.47,4.55,4.45,4.46,95380923.0
2023-01-10,4.47,4.56,4.4,4.5,122212692.0
2023-01-11,4.45,4.47,4.37,4.37,86221641.0
2023-01-12,4.37,4.49,4.36,4.44,82137501.0
2023-01-13,4.42,4.46,4.4,4.42,46192134.0
2023-01-16,4.42,4.45,4.36,4.42,51093800.0
2023-01-17,4.43,4.44,4.37,4.39,45251379.0
2023-01-18,4.39,4.43,4.35,4.35,44366009.0
2023-01-19,4.35,4.35,4.17,4.24,99801400.0
2023-01-20,4.26,4.42,4.26,4.41,78923386.0
2023-01-30,4.47,4.65,4.43,4.44,171284701.0
2023-01-31,4.44,4.56,4.39,4.5,111615883.0
2023-02-01,4.51,4.87,4.49,4.72,205154041.0
2023-02-02,4.72,4.72,4.61,4.63,110303427.0
2023-02-03,4.64,4.67,4.52,4.58,72757300.0
2023-02-06,4.58,4.62,4.5,4.51,59284445.0
2023-02-07,4.51,4.59,4.51,4.58,57792500.0
2023-02-08,4.6,4.6,4.53,4.54,40610200.0
2023-02-09,4.54,4.57,4.49,4.55,48442879.0
2023-02-10,4.54,4.55,4.42,4.45,80458166.0
2023-02-13,4.35,4.44,4.33,4.41,76284642.0
2023-02-14,4.44,4.45,4.34,4.37,55249657.0
2023-02-15,4.37,4.47,4.35,4.36,79284899.0
2023-02-16,4.39,4.42,4.23,4.28,99262594.0
2023-02-17,4.25,4.26,4.2,4.21,64612080.0
2023-02-20,4.22,4.25,4.17,4.25,55825974.0
2023-02-21,4.25,4.33,4.23,4.28,73039044.0
2023-02-22,4.27,4.27,4.2,4.22,59521757.0
2023-02-23,4.2,4.23,4.17,4.19,63688427.0
2023-02-24,4.2,4.26,4.14,4.18,66952605.0
2023-02-27,4.24,4.26,4.07,4.09,107334997.0
2023-02-28,4.09,4.23,3.97,4.18,123884074.0
2023-03-01,4.16,4.23,4.12,4.19,79304546.0
2023-03-02,4.19,4.2,4.09,4.09,65719600.0
2023-03-03,4.09,4.16,4.07,4.15,58666900.0
2023-03-06,4.17,4.28,4.1,4.12,89084510.0
2023-03-07,4.11,4.15,4.03,4.03,65294431.0
2023-03-08,3.99,4.09,3.98,4.09,51619717.0
2023-03-09,4.09,4.1,4.01,4.02,43198552.0
2023-03-10,3.98,3.99,3.88,3.88,78424900.0
2023-03-13,3.79,3.84,3.71,3.78,93870476.0
2023-03-14,3.78,3.8,3.65,3.74,84754900.0
2023-03-15,3.74,3.8,3.73,3.77,50491480.0
2023-03-16,3.75,3.78,3.66,3.67,51899504.0
2023-03-17,3.69,3.7,3.61,3.61,54989438.0
2023-03-20,3.59,3.62,3.53,3.54,67824734.0
2023-03-21,3.56,3.77,3.55,3.68,106963100.0
2023-03-22,3.7,3.72,3.61,3.63,61799779.0
2023-03-23,3.61,3.63,3.58,3.62,37407600.0
2023-03-24,3.62,3.68,3.59,3.66,43746234.0
2023-03-27,3.7,3.76,3.61,3.62,65964100.0
2023-03-28,3.63,3.64,3.55,3.56,49423032.0
2023-03-29,3.55,3.6,3.47,3.49,62023182.0
2023-03-30,3.5,3.57,3.45,3.53,60194669.0
2023-03-31,3.51,3.63,3.5,3.58,55059099.0
2023-04-03,3.58,3.61,3.53,3.6,44890969.0
2023-04-04,3.59,3.62,3.5,3.51,54455708.0
2023-04-06,3.48,3.51,3.44,3.46,42780100.0
2023-04-07,3.45,3.52,3.45,3.49,30714921.0
2023-04-10,3.49,3.5,3.37,3.39,51732464.0
2023-04-11,3.37,3.47,3.33,3.44,60066395.0
2023-04-12,3.43,3.43,3.34,3.4,54545700.0
2023-04-13,3.38,3.43,3.34,3.34,49698791.0
2023-04-14,3.35,3.42,3.34,3.38,44097480.0
2023-04-17,3.37,3.42,3.36,3.38,29538200.0
2023-04-18,3.39,3.41,3.35,3.36,30505926.0
2023-04-19,3.34,3.35,3.25,3.31,59877069.0
2023-04-20,3.29,3.29,3.19,3.21,67624198.0
2023-04-21,3.18,3.22,3.09,3.1,68732358.0
2023-04-24,3.08,3.17,3.02,3.09,73073027.0
2023-04-25,3.06,3.07,2.93,2.99,87572041.0
2023-04-26,2.9,3.06,2.9,3.03,69773196.0
2023-04-27,3.03,3.08,3.0,3.01,55103710.0
2023-04-28,3.02,3.05,2.97,3.04,58490136.0
2023-05-04,3.03,3.16,3.02,3.08,69426441.0
2023-05-05,3.07,3.09,3.0,3.01,39697200.0
2023-05-08,3.01,3.07,2.99,3.0,43015949.0
2023-05-09,3.0,3.0,2.92,2.92,53632315.0
2023-05-10,2.92,3.04,2.89,3.02,85625616.0
2023-05-11,3.0,3.07,2.96,3.05,70651805.0
2023-05-12,3.04,3.08,2.96,2.96,54752740.0
2023-05-15,2.95,2.99,2.93,2.97,33058000.0
2023-05-16,2.97,2.98,2.87,2.87,53538745.0
2023-05-17,2.78,2.9,2.74,2.84,72068174.0
2023-05-18,2.84,2.86,2.75,2.78,66562782.0
2023-05-19,2.75,2.79,2.72,2.78,52444117.0
2023-05-22,2.78,2.8,2.74,2.77,40460853.0
2023-05-23,2.76,2.81,2.74,2.76,42264700.0
2023-05-24,2.72,2.74,2.68,2.68,56284100.0
2023-05-25,2.68,2.7,2.61,2.64,75013611.0
2023-05-26,2.71,2.9,2.68,2.73,157159720.0
2023-05-29,2.69,2.7,2.56,2.56,113741028.0
2023-05-30,2.53,2.57,2.49,2.56,85321644.0
2023-05-31,2.54,2.59,2.5,2.54,52941400.0
2023-06-01,2.56,2.79,2.54,2.56,226719167.0
2023-06-02,2.51,2.59,2.46,2.55,134118430.0
2023-06-05,2.58,2.68,2.56,2.65,128639286.0
2023-06-06,2.66,2.67,2.5,2.51,107281244.0
2023-06-07,2.49,2.5,2.39,2.42,111843900.0
2023-06-08,2.38,2.42,2.35,2.37,88411363.0
2023-06-09,2.37,2.45,2.37,2.43,80897200.0
2023-06-12,2.41,2.55,2.4,2.54,99873101.0
2023-06-13,2.54,2.61,2.54,2.6,79027609.0
2023-06-14,2.6,2.85,2.56,2.61,190264900.0
2023-06-15,2.58,2.66,2.53,2.59,127337140.0
2023-06-16,2.59,2.66,2.58,2.6,80167000.0
2023-06-19,2.61,2.69,2.59,2.63,72096292.0
2023-06-20,2.63,2.64,2.55,2.57,70870015.0
2023-06-21,2.54,2.58,2.52,2.52,57811872.0
2023-06-26,2.48,2.59,2.47,2.47,64551800.0
2023-06-27,2.48,2.59,2.46,2.57,79503651.0
2023-06-28,2.56,2.59,2.46,2.53,80324659.0
2023-06-29,2.74,2.78,2.52,2.52,375028646.0
2023-06-30,2.37,2.55,2.32,2.46,281732995.0
2023-07-03,2.46,2.71,2.46,2.71,189632267.0
2023-07-04,2.98,2.98,2.88,2.98,146794816.0
2023-07-05,3.28,3.28,3.02,3.08,611832075.0
2023-07-06,3.12,3.39,3.07,3.39,329478383.0
2023-07-07,3.4,3.67,3.29,3.32,632812840.0
2023-07-10,3.25,3.42,3.08,3.1,383211910.0
2023-07-11,3.16,3.41,3.11,3.41,417126509.0
2023-07-12,3.53,3.75,3.47,3.75,665762176.0
2023-07-13,3.38,3.54,3.38,3.43,606629169.0
2023-07-14,3.39,3.42,3.22,3.28,362309997.0
2023-07-17,3.21,3.61,3.11,3.61,457942357.0
2023-07-18,3.65,3.97,3.53,3.96,768856619.0
2023-07-19,3.84,4.36,3.73,4.36,740980544.0
2023-07-20,4.4,4.66,4.19,4.33,808547291.0
2023-07-21,4.3,4.37,4.11,4.22,538515530.0
2023-07-24,4.13,4.35,3.97,4.02,468759190.0
2023-07-25,4.05,4.3,4.03,4.09,522170240.0
2023-07-26,4.0,4.21,3.84,3.91,444158759.0
2023-07-27,4.01,4.18,3.91,4.0,397197897.0
2023-07-28,3.85,4.15,3.7,4.0,538281370.0
2023-07-31,4.01,4.4,4.01,4.4,325891850.0
2023-08-01,4.4,4.84,4.33,4.84,598684439.0
2023-08-02,4.88,5.3,4.62,4.63,876161198.0
2023-08-03,4.65,4.78,4.49,4.67,539138950.0
2023-08-04,4.63,4.77,4.51,4.52,451238073.0
2023-08-07,4.44,4.62,4.37,4.58,356201361.0
2023-08-08,4.58,4.62,4.26,4.27,380910223.0
2023-08-09,4.21,4.64,4.2,4.49,489657268.0
2023-08-10,4.39,4.39,4.22,4.29,308517254.0
2023-08-11,4.28,4.39,4.11,4.27,284859719.0
2023-08-14,4.17,4.22,4.03,4.08,241187458.0
2023-08-15,4.09,4.25,4.07,4.19,270945714.0
2023-08-16,4.12,4.16,3.92,3.99,265085154.0
2023-08-17,3.94,4.19,3.88,4.01,290026100.0
2023-08-18,4.0,4.18,3.85,4.06,367769526.0
2023-08-21,3.99,4.03,3.88,3.89,215681704.0
2023-08-22,3.95,3.99,3.7,3.77,266674138.0
2023-08-23,3.79,3.8,3.6,3.61,260627992.0
2023-08-24,3.62,3.64,3.49,3.5,267396584.0
2023-08-25,3.47,3.47,3.32,3.35,251750608.0
2023-08-28,3.53,3.54,3.35,3.36,240593829.0
2023-08-29,3.34,3.7,3.32,3.7,236031160.0
2023-08-30,3.81,3.89,3.69,3.73,390797100.0
2023-08-31,3.68,3.74,3.61,3.63,183388027.0
2023-09-01,3.63,3.99,3.62,3.95,505625657.0
2023-09-04,3.87,4.26,3.84,4.06,566256244.0
2023-09-05,4.06,4.1,3.86,3.87,335540366.0
2023-09-06,3.88,4.03,3.87,3.92,310031588.0
2023-09-07,3.89,3.96,3.74,3.88,299555212.0
2023-09-08,3.84,3.99,3.79,3.84,243092125.0
2023-09-11,3.76,3.9,3.73,3.79,237645775.0
2023-09-12,3.82,3.87,3.73,3.74,193336391.0
2023-09-13,3.69,3.74,3.61,3.64,190507065.0
2023-09-14,3.65,3.85,3.56,3.73,289841345.0
2023-09-15,3.71,3.71,3.56,3.56,207177019.0
2023-09-18,3.5,3.75,3.5,3.63,219756399.0
2023-09-19,3.59,3.61,3.5,3.51,158835111.0
2023-09-20,3.51,3.52,3.42,3.43,119423750.0
2023-09-21,3.42,3.47,3.38,3.39,109535736.0
2023-09-22,3.41,3.45,3.35,3.41,114148616.0
2023-09-25,3.42,3.44,3.34,3.35,112737477.0
2023-09-26,3.35,3.39,3.28,3.28,140820339.0
2023-09-27,3.3,3.3,3.22,3.22,130794100.0
2023-09-28,3.24,3.38,3.23,3.3,194485215.0
2023-10-09,3.35,3.41,3.3,3.31,174623717.0
2023-10-10,3.29,3.33,3.25,3.28,127626486.0
2023-10-11,3.28,3.3,3.21,3.22,120020470.0
2023-10-12,3.2,3.54,3.2,3.54,167820160.0
2023-10-13,3.57,3.85,3.54,3.69,506089689.0
2023-10-16,3.63,3.79,3.6,3.63,298399529.0
2023-10-17,3.63,3.65,3.47,3.58,251962672.0
2023-10-18,3.51,3.77,3.48,3.64,314713100.0
2023-10-19,3.55,3.55,3.4,3.41,242865489.0
2023-10-20,3.38,3.49,3.34,3.4,159414175.0
2023-10-23,3.33,3.43,3.27,3.28,169164261.0
2023-10-24,3.28,3.42,3.28,3.32,135810400.0
2023-10-25,3.34,3.65,3.33,3.65,275757592.0
2023-10-26,3.66,3.73,3.6,3.63,352772816.0
2023-10-27,3.61,3.77,3.6,3.6,286956700.0
2023-10-30,3.58,3.63,3.5,3.58,195688859.0
2023-10-31,3.59,3.69,3.48,3.52,153290815.0
2023-11-01,3.52,3.61,3.48,3.54,147604344.0
2023-11-02,3.56,3.68,3.47,3.59,224751667.0
2023-11-03,3.58,3.64,3.51,3.61,161253177.0
2023-11-06,3.61,3.7,3.58,3.68,218625893.0
2023-11-07,3.68,3.87,3.65,3.75,312304007.0
2023-11-08,3.69,4.06,3.63,3.89,408320587.0
2023-11-09,3.81,3.84,3.68,3.69,232183414.0
2023-11-10,3.68,3.71,3.58,3.6,153782331.0
2023-11-13,3.61,3.84,3.6,3.75,222442441.0
2023-11-14,3.71,3.86,3.69,3.81,223973801.0
2023-11-15,3.82,3.96,3.75,3.82,230015538.0
2023-11-16,3.8,3.83,3.67,3.68,188804094.0
2023-11-17,3.65,3.8,3.64,3.77,197067911.0
2023-11-20,3.72,3.77,3.69,3.7,157306065.0
2023-11-21,3.72,3.92,3.68,3.74,244402427.0
2023-11-22,3.7,3.71,3.6,3.6,179640027.0
2023-11-23,3.58,3.68,3.58,3.62,130581000.0
2023-11-24,3.6,3.61,3.51,3.51,128802567.0
2023-11-27,3.51,3.58,3.47,3.53,96384866.0
2023-11-28,3.51,3.58,3.47,3.58,108698695.0
2023-11-29,3.56,3.58,3.48,3.5,92020901.0
2023-11-30,3.52,3.52,3.39,3.41,96536400.0
2023-12-01,3.44,3.49,3.37,3.46,84529863.0
2023-12-04,3.48,3.52,3.45,3.45,84801176.0
2023-12-05,3.43,3.46,3.38,3.38,79914950.0
2023-12-06,3.37,3.42,3.35,3.36,71211000.0
2023-12-07,3.36,3.36,3.32,3.34,71314291.0
2023-12-08,3.33,3.36,3.27,3.27,80371350.0
2023-12-11,3.28,3.32,3.23,3.32,78895461.0
2023-12-12,3.32,3.36,3.29,3.34,68775223.0
2023-12-13,3.33,3.36,3.3,3.31,61787632.0
2023-12-14,3.32,3.34,3.25,3.25,65873091.0
2023-12-15,3.23,3.28,3.23,3.26,58689223.0
2023-12-18,3.26,3.26,3.18,3.19,70138108.0
2023-12-19,3.19,3.21,3.13,3.17,64172007.0
2023-12-20,3.16,3.17,3.05,3.05,97082100.0
2023-12-21,3.03,3.08,2.99,3.04,82241900.0
2023-12-22,3.04,3.06,2.98,3.0,76775700.0
2023-12-25,2.98,3.02,2.96,2.98,56226429.0
2023-12-26,2.97,2.98,2.87,2.89,91530685.0
2023-12-27,2.89,2.97,2.81,2.86,85159544.0
2023-12-28,2.83,2.99,2.81,2.95,128334541.0
2023-12-29,2.93,3.05,2.93,2.98,79821617.0
2024-01-02,2.98,3.04,2.94,2.94,71050230.0
2024-01-03,2.94,2.96,2.89,2.91,63423240.0
2024-01-04,2.9,2.94,2.88,2.88,54032232.0
2024-01-05,2.88,2.93,2.83,2.84,63808127.0
2024-01-08,2.83,2.85,2.78,2.79,58627093.0
2024-01-09,2.79,2.83,2.76,2.79,56121300.0
2024-01-10,2.79,2.81,2.73,2.8,61832800.0
2024-01-11,2.8,2.87,2.78,2.86,62691547.0
2024-01-12,2.85,2.87,2.8,2.8,56827800.0
2024-01-15,2.78,2.78,2.73,2.74,51369985.0
2024-01-16,2.74,2.78,2.68,2.73,65527758.0
2024-01-17,2.73,2.74,2.62,2.63,59407400.0
2024-01-18,2.61,2.63,2.55,2.63,84640416.0
2024-01-19,2.62,2.66,2.58,2.58,42837300.0
2024-01-22,2.59,2.61,2.42,2.46,73441619.0
2024-01-23,2.44,2.5,2.41,2.5,73911497.0
2024-01-24,2.5,2.55,2.41,2.52,66379056.0
2024-01-25,2.51,2.61,2.49,2.61,86604749.0
2024-01-26,2.59,2.66,2.58,2.6,63468958.0
2024-01-29,2.6,2.63,2.48,2.49,59491682.0
2024-01-30,2.48,2.71,2.43,2.5,158555363.0
2024-01-31,2.44,2.5,2.34,2.34,111327528.0
2024-02-01,2.3,2.36,2.25,2.27,84782700.0
2024-02-02,2.27,2.33,2.06,2.16,102854681.0
2024-02-05,2.15,2.15,1.95,1.95,109196053.0
2024-02-06,1.91,2.03,1.83,1.97,121285500.0
2024-02-07,1.99,2.14,1.97,2.02,155142140.0
2024-02-08,2.05,2.07,1.93,2.06,145134688.0
2024-02-19,2.07,2.13,2.06,2.11,118791005.0
2024-02-20,2.11,2.26,2.07,2.21,121941841.0
2024-02-21,2.19,2.39,2.16,2.31,155458927.0
2024-02-22,2.27,2.34,2.26,2.33,94163101.0
2024-02-23,2.34,2.45,2.33,2.44,126589272.0
2024-02-26,2.43,2.54,2.41,2.48,133729201.0
2024-02-27,2.49,2.73,2.48,2.73,69142506.0
2024-02-28,3.0,3.0,2.6,2.61,332988646.0
2024-02-29,2.51,2.87,2.51,2.87,316256315.0
2024-03-01,2.88,2.93,2.73,2.79,262642100.0
2024-03-04,2.77,2.77,2.61,2.68,186819189.0
2024-03-05,2.63,2.82,2.62,2.77,219248999.0
2024-03-06,2.71,2.76,2.68,2.69,119706564.0
2024-03-07,2.68,2.73,2.59,2.59,125432600.0
2024-03-08,2.58,2.6,2.54,2.56,86908808.0
2024-03-11,2.58,2.69,2.56,2.66,129094636.0
2024-03-12,2.7,2.73,2.62,2.68,130627001.0
2024-03-13,2.67,2.78,2.65,2.7,142641589.0
2024-03-14,2.68,2.75,2.61,2.64,113301645.0
2024-03-15,2.61,2.72,2.6,2.7,123093054.0
2024-03-18,2.7,2.8,2.7,2.77,162458837.0
2024-03-19,2.75,2.77,2.7,2.7,112034375.0
2024-03-20,2.68,2.84,2.68,2.74,119221820.0
2024-03-21,2.72,2.76,2.68,2.7,94541500.0
2024-03-22,2.69,2.7,2.6,2.61,100756500.0
2024-03-25,2.58,2.58,2.48,2.48,102645353.0
2024-03-26,2.48,2.53,2.43,2.51,94567998.0
2024-03-27,2.48,2.5,2.37,2.37,83028500.0
2024-03-28,2.34,2.44,2.32,2.4,76255100.0
2024-03-29,2.4,2.43,2.35,2.4,57073321.0
2024-04-01,2.41,2.47,2.4,2.45,66210200.0
2024-04-02,2.43,2.45,2.37,2.38,68013563.0
2024-04-03,2.39,2.39,2.31,2.31,66179217.0
2024-04-08,2.32,2.35,2.26,2.26,88235357.0
2024-04-09,2.27,2.3,2.22,2.25,80812035.0
2024-04-10,2.26,2.27,2.14,2.18,113620229.0
2024-04-11,2.15,2.19,2.11,2.15,101980487.0
2024-04-12,2.16,2.19,2.11,2.12,71723901.0
2024-04-15,2.05,2.1,1.98,2.03,108227263.0
2024-04-16,2.01,2.01,1.83,1.88,123274801.0
2024-04-17,1.9,2.06,1.9,2.01,127256551.0
2024-04-18,2.0,2.07,1.96,2.02,108145300.0
2024-04-19,2.0,2.04,1.97,1.98,69838701.0
2024-04-22,1.98,2.0,1.93,1.94,58070401.0
2024-04-23,1.96,1.97,1.92,1.92,61090117.0
2024-04-24,1.91,1.93,1.89,1.91,66614288.0
2024-04-25,1.91,1.97,1.89,1.91,80726998.0
2024-04-26,1.9,1.95,1.9,1.95,75702024.0
2024-04-29,1.98,2.14,1.96,2.08,180831237.0
2024-04-30,2.08,2.14,1.98,2.0,131267310.0
2024-05-06,2.04,2.2,2.04,2.2,98743808.0
2024-05-07,2.29,2.29,2.11,2.14,203971061.0
2024-05-08,2.04,2.09,2.01,2.02,157252346.0
2024-05-09,2.02,2.05,1.98,2.0,116034200.0
2024-05-10,2.0,2.01,1.94,1.95,93471100.0
2024-05-13,1.95,2.03,1.91,1.97,95953200.0
2024-05-14,1.95,1.98,1.94,1.96,78527625.0
2024-05-15,1.95,1.96,1.92,1.92,60514300.0
2024-05-16,1.92,1.94,1.9,1.92,57913606.0
2024-05-17,1.9,1.93,1.9,1.92,50162392.0
2024-05-20,1.95,2.1,1.95,2.05,202212416.0
2024-05-21,2.05,2.05,1.97,1.99,107635610.0
2024-05-22,1.99,2.01,1.96,2.0,82153400.0
2024-05-23,1.99,1.99,1.94,1.95,67776700.0
2024-05-24,1.95,1.95,1.92,1.93,47852300.0
2024-05-27,1.93,1.94,1.9,1.92,48040013.0
2024-05-28,1.93,1.93,1.88,1.89,49553613.0
2024-05-29,1.89,1.9,1.87,1.89,44415869.0
2024-05-30,1.88,1.9,1.87,1.88,36950100.0
2024-05-31,1.88,1.9,1.87,1.89,41708600.0
2024-06-03,1.89,1.91,1.8,1.83,76026000.0
2024-06-04,1.81,1.82,1.75,1.77,85020893.0
2024-06-05,1.75,1.79,1.71,1.71,64086668.0
2024-06-06,1.68,1.68,1.57,1.6,154046199.0
2024-06-07,1.62,1.7,1.6,1.63,78803168.0
2024-06-11,1.63,1.64,1.58,1.6,53038700.0
2024-06-12,1.6,1.67,1.59,1.65,74138786.0
2024-06-13,1.64,1.66,1.59,1.59,72200800.0
2024-06-14,1.58,1.59,1.53,1.57,69615703.0
2024-06-17,1.55,1.57,1.53,1.54,51305603.0
2024-06-18,1.53,1.69,1.52,1.69,192817502.0
2024-06-19,1.65,1.66,1.58,1.59,139150956.0
2024-06-20,1.57,1.61,1.53,1.55,79780103.0
2024-06-21,1.55,1.58,1.51,1.56,59551801.0
2024-06-24,1.53,1.54,1.46,1.46,83967910.0
2024-06-25,1.47,1.52,1.46,1.48,58934010.0
2024-06-26,1.45,1.47,1.37,1.46,114974115.0
2024-06-27,1.43,1.45,1.4,1.41,63566634.0
2024-06-28,1.44,1.49,1.4,1.41,107871179.0
2024-07-01,1.41,1.44,1.39,1.42,65921313.0
2024-07-02,1.42,1.55,1.41,1.46,132361800.0
2024-07-03,1.45,1.59,1.44,1.53,171586137.0
2024-07-04,1.51,1.52,1.42,1.43,135661737.0
2024-07-05,1.42,1.45,1.37,1.43,73901893.0
2024-07-08,1.42,1.43,1.37,1.38,63912300.0
2024-07-09,1.37,1.4,1.32,1.37,72726239.0
2024-07-10,1.36,1.42,1.34,1.37,62835577.0
2024-07-11,1.36,1.43,1.36,1.4,77863203.0
2024-07-12,1.4,1.42,1.38,1.41,64636985.0
2024-07-15,1.42,1.49,1.4,1.41,100693756.0
2024-07-16,1.39,1.54,1.38,1.49,197730169.0
2024-07-17,1.46,1.49,1.42,1.42,123253515.0
2024-07-18,1.42,1.45,1.38,1.43,78736595.0
2024-07-19,1.41,1.44,1.39,1.39,72091365.0
2024-07-22,1.38,1.41,1.37,1.39,57476230.0
2024-07-23,1.38,1.45,1.36,1.39,102520842.0
2024-07-24,1.36,1.37,1.32,1.33,92087820.0
2024-07-25,1.32,1.34,1.31,1.33,49473700.0
2024-07-26,1.33,1.37,1.33,1.37,71992882.0
2024-07-29,1.35,1.44,1.35,1.39,92001892.0
2024-07-30,1.38,1.4,1.36,1.38,74176492.0
2024-07-31,1.37,1.52,1.37,1.52,316296971.0
2024-08-01,1.51,1.67,1.48,1.67,370692311.0
2024-08-02,1.69,1.84,1.67,1.84,344000303.0
2024-08-05,1.88,2.02,1.86,2.02,204788204.0
2024-08-06,2.2,2.22,1.82,1.82,559261937.0
2024-08-07,1.65,1.81,1.65,1.71,333553004.0
2024-08-08,1.69,1.85,1.67,1.77,346284441.0
2024-08-09,1.74,1.77,1.6,1.64,287018559.0
2024-08-12,1.62,1.63,1.54,1.55,194582761.0
2024-08-13,1.57,1.65,1.57,1.61,175739013.0
2024-08-14,1.59,1.64,1.58,1.6,146455300.0
2024-08-15,1.58,1.63,1.55,1.61,158669557.0
2024-08-16,1.6,1.72,1.6,1.63,202544871.0
2024-08-19,1.62,1.65,1.56,1.63,151906177.0
2024-08-20,1.62,1.62,1.55,1.56,113409048.0
2024-08-21,1.56,1.56,1.49,1.5,138596105.0
2024-08-22,1.49,1.52,1.42,1.43,113515687.0
2024-08-23,1.42,1.57,1.42,1.57,201815800.0
2024-08-26,1.58,1.61,1.49,1.49,218355625.0
2024-08-27,1.49,1.55,1.46,1.47,139757778.0
2024-08-28,1.45,1.52,1.42,1.48,126787026.0
2024-08-29,1.47,1.5,1.45,1.49,91189000.0
2024-08-30,1.49,1.55,1.48,1.52,126615701.0
2024-09-02,1.51,1.53,1.46,1.48,100141600.0
2024-09-03,1.47,1.52,1.46,1.49,95315236.0
2024-09-04,1.48,1.52,1.46,1.51,98444784.0
2024-09-05,1.5,1.65,1.49,1.57,230319002.0
2024-09-06,1.55,1.69,1.54,1.61,244548492.0
2024-09-09,1.57,1.57,1.5,1.51,153792792.0
2024-09-10,1.52,1.53,1.47,1.51,93492070.0
2024-09-11,1.5,1.5,1.47,1.49,65975100.0
2024-09-12,1.47,1.5,1.47,1.48,65951600.0
2024-09-13,1.47,1.48,1.44,1.44,61599309.0
2024-09-18,1.45,1.46,1.42,1.45,61348000.0
2024-09-19,1.46,1.49,1.44,1.49,91912200.0
2024-09-20,1.48,1.5,1.46,1.47,60195286.0
2024-09-23,1.46,1.5,1.45,1.49,74773761.0
2024-09-24,1.49,1.58,1.48,1.56,166338511.0
2024-09-25,1.57,1.68,1.56,1.58,218651671.0
2024-09-26,1.56,1.64,1.56,1.64,181850590.0
2024-09-27,1.66,1.8,1.66,1.8,262731333.0
2024-09-30,1.94,1.98,1.86,1.98,380023328.0
2024-10-08,2.18,2.18,1.99,2.18,450360820.0
2024-10-09,2.11,2.29,1.96,1.96,345357667.0
2024-10-10,1.95,2.03,1.87,1.91,228437101.0
2024-10-11,1.88,1.9,1.74,1.79,208204102.0
2024-10-14,1.79,1.84,1.75,1.83,150995043.0
2024-10-15,1.82,1.94,1.78,1.83,198317344.0
2024-10-16,1.79,1.83,1.76,1.8,126069100.0
2024-10-17,1.82,1.85,1.78,1.79,139687134.0
2024-10-18,1.78,1.88,1.74,1.84,218021379.0
2024-10-21,1.84,1.86,1.79,1.82,171650621.0
2024-10-22,1.82,2.0,1.8,2.0,238190376.0
2024-10-23,2.1,2.2,2.02,2.2,431719846.0
2024-10-24,2.27,2.41,2.1,2.16,682582268.0
2024-10-25,2.16,2.28,2.16,2.18,414649585.0
2024-10-28,2.14,2.39,2.14,2.33,455816188.0
2024-10-29,2.36,2.36,2.22,2.22,383763830.0
2024-10-30,2.16,2.28,2.13,2.21,270959084.0
2024-10-31,2.2,2.43,2.2,2.43,326801457.0
2024-11-01,2.52,2.59,2.23,2.25,506821751.0
2024-11-04,2.19,2.48,2.19,2.48,136652736.0
2024-11-05,2.73,2.73,2.53,2.73,555996085.0
2024-11-06,2.83,3.0,2.75,2.99,816724995.0
2024-11-07,2.83,3.2,2.75,2.94,727126616.0
2024-11-08,2.87,3.08,2.81,2.89,531030586.0
2024-11-11,2.81,2.92,2.75,2.85,346602741.0
2024-11-12,2.84,3.08,2.84,2.93,428748596.0
2024-11-13,2.87,2.88,2.77,2.81,265675357.0
2024-11-14,2.84,2.86,2.6,2.61,287339699.0
2024-11-15,2.59,2.71,2.54,2.55,212445072.0
2024-11-18,2.57,2.8,2.57,2.71,352821710.0
2024-11-19,2.65,2.67,2.53,2.64,244019340.0
2024-11-20,2.64,2.75,2.59,2.7,214998838.0
2024-11-21,2.67,2.85,2.66,2.73,233231250.0
2024-11-22,2.69,2.7,2.57,2.57,197477507.0
2024-11-25,2.59,2.63,2.46,2.54,159251640.0
2024-11-26,2.51,2.58,2.48,2.51,125916741.0
2024-11-27,2.49,2.51,2.37,2.51,170002158.0
2024-11-28,2.52,2.61,2.49,2.52,148316934.0
2024-11-29,2.52,2.58,2.46,2.55,172295363.0
2024-12-02,2.59,2.73,2.57,2.71,279745104.0
2024-12-03,2.73,2.76,2.62,2.66,186909801.0
2024-12-04,2.64,2.72,2.61,2.62,142621025.0
2024-12-05,2.61,2.88,2.58,2.88,370004247.0
2024-12-06,2.88,3.15,2.8,2.92,585856501.0
2024-12-09,2.9,3.12,2.86,2.97,429044303.0
2024-12-10,3.02,3.09,2.88,2.89,371140179.0
2024-12-11,2.86,3.18,2.83,3.18,587535559.0
2024-12-12,3.16,3.16,3.0,3.06,482618866.0
2024-12-13,3.03,3.13,2.93,2.95,326634208.0
2024-12-16,2.94,3.25,2.91,3.25,564014567.0
2024-12-17,3.22,3.55,3.16,3.19,802370545.0
2024-12-18,3.08,3.22,3.06,3.11,463422604.0
2024-12-19,3.05,3.19,2.93,2.95,352448758.0
2024-12-20,2.96,3.15,2.95,3.02,315147555.0
2024-12-23,2.98,2.99,2.73,2.74,373337525.0
2024-12-24,2.71,2.77,2.61,2.68,256310207.0
2024-12-25,2.7,2.73,2.51,2.56,221496878.0
2024-12-26,2.55,2.65,2.52,2.6,166490942.0
2024-12-27,2.59,2.69,2.58,2.63,158464104.0
2024-12-30,2.6,2.61,2.48,2.51,181749446.0
2024-12-31,2.5,2.53,2.38,2.39,172532907.0
2025-01-02,2.39,2.45,2.33,2.35,161786283.0
2025-01-03,2.35,2.38,2.18,2.19,210387335.0
2025-01-06,2.19,2.23,2.1,2.14,150226765.0
2025-01-07,2.16,2.32,2.15,2.28,210772804.0
2025-01-08,2.25,2.28,2.18,2.27,174643686.0
2025-01-09,2.25,2.34,2.23,2.29,153875150.0
2025-01-10,2.27,2.28,2.16,2.16,153029300.0
2025-01-13,2.12,2.15,2.08,2.11,118738531.0
2025-01-14,2.13,2.32,2.13,2.29,220518205.0
2025-01-15,2.29,2.31,2.22,2.25,154051500.0
2025-01-16,2.26,2.36,2.24,2.28,167968368.0
2025-01-17,2.27,2.28,2.22,2.25,101715101.0
2025-01-20,2.3,2.3,2.23,2.26,102247800.0
2025-01-21,2.27,2.28,2.17,2.2,119458970.0
2025-01-22,2.18,2.19,2.13,2.15,93706102.0
2025-01-23,2.15,2.22,2.1,2.1,150883490.0
2025-01-24,2.07,2.12,2.03,2.09,124294532.0
2025-01-27,2.11,2.13,2.04,2.04,88117500.0
2025-02-05,2.07,2.15,2.05,2.12,132900155.0
2025-02-06,2.11,2.21,2.05,2.19,184183643.0
2025-02-07,2.19,2.29,2.18,2.25,215133231.0
2025-02-10,2.29,2.33,2.26,2.33,185282600.0
2025-02-11,2.33,2.37,2.24,2.25,155682814.0
2025-02-12,2.25,2.29,2.24,2.28,129379398.0
2025-02-13,2.28,2.33,2.26,2.27,175888533.0
2025-02-14,2.26,2.35,2.22,2.23,209281980.0
2025-02-17,2.23,2.35,2.21,2.3,244209615.0
2025-02-18,2.31,2.32,2.16,2.16,224506700.0
2025-02-19,2.16,2.2,2.14,2.19,109811996.0
2025-02-20,2.19,2.21,2.13,2.19,134083240.0
2025-02-21,2.18,2.19,2.11,2.17,146412592.0
2025-02-24,2.16,2.27,2.16,2.2,206054546.0
2025-02-25,2.17,2.42,2.14,2.39,547316691.0
2025-02-26,2.3,2.63,2.27,2.63,698869796.0
2025-02-27,2.63,2.74,2.54,2.56,637199958.0
2025-02-28,2.56,2.62,2.36,2.37,367332691.0
2025-03-03,2.44,2.61,2.4,2.61,183408784.0
2025-03-04,2.61,2.85,2.59,2.76,656178112.0
2025-03-05,2.68,2.76,2.63,2.67,371191350.0
2025-03-06,2.69,2.73,2.63,2.65,288686791.0
2025-03-07,2.64,2.67,2.54,2.56,278094990.0
2025-03-10,2.58,2.8,2.57,2.66,384869304.0
2025-03-11,2.58,2.69,2.54,2.61,218261867.0
2025-03-12,2.63,2.67,2.61,2.62,194834197.0
2025-03-13,2.6,2.61,2.47,2.51,210670201.0
2025-03-14,2.54,2.58,2.49,2.55,176647649.0
2025-03-17,2.57,2.67,2.56,2.63,263615524.0
2025-03-18,2.62,2.63,2.55,2.58,146296700.0
2025-03-19,2.58,2.67,2.56,2.57,180402026.0
2025-03-20,2.5,2.52,2.45,2.48,176543505.0
2025-03-21,2.48,2.49,2.37,2.38,187871959.0
2025-03-24,2.36,2.36,2.27,2.31,159568724.0
2025-03-25,2.31,2.34,2.28,2.32,97985300.0
2025-03-26,2.32,2.43,2.29,2.38,154545406.0
2025-03-27,2.35,2.35,2.29,2.3,103828600.0
2025-03-28,2.29,2.37,2.26,2.3,101599000.0
2025-03-31,2.33,2.37,2.26,2.28,109178366.0
2025-04-01,2.26,2.32,2.23,2.27,99719860.0
2025-04-02,2.25,2.26,2.22,2.23,80600799.0
2025-04-03,2.21,2.25,2.2,2.22,65253268.0
2025-04-07,2.05,2.09,2.0,2.0,78365400.0
2025-04-08,1.8,1.95,1.8,1.88,191645531.0
2025-04-09,1.84,1.95,1.7,1.92,188735637.0
2025-04-10,1.95,2.05,1.95,1.99,155359138.0
2025-04-11,1.95,2.05,1.95,2.0,112710248.0
2025-04-14,2.05,2.19,2.04,2.13,193439290.0
2025-04-15,2.11,2.13,2.06,2.08,109573200.0
2025-04-16,2.09,2.09,2.01,2.04,90301500.0
2025-04-17,2.02,2.04,2.01,2.03,74891463.0
2025-04-18,2.03,2.03,1.98,2.01,76705400.0
2025-04-21,2.01,2.04,1.99,2.02,68845235.0
2025-04-22,2.01,2.07,2.0,2.02,92635600.0
2025-04-23,2.03,2.12,2.02,2.08,160470200.0
2025-04-24,2.09,2.1,2.01,2.01,110451916.0
2025-04-25,2.01,2.03,1.96,1.99,108690911.0
2025-04-28,2.0,2.19,1.95,2.15,342978704.0
2025-04-29,2.1,2.11,2.03,2.03,191821500.0
2025-04-30,2.05,2.14,2.04,2.1,139235561.0
2025-05-06,2.13,2.17,2.12,2.15,118141900.0
2025-05-07,2.19,2.24,2.14,2.17,170667559.0
2025-05-08,2.15,2.28,2.14,2.23,163414230.0
2025-05-09,2.23,2.23,2.15,2.17,125572320.0
2025-05-12,2.19,2.2,2.16,2.18,83994804.0
2025-05-13,2.21,2.23,2.17,2.19,112926910.0
2025-05-14,2.18,2.24,2.16,2.21,114995589.0
2025-05-15,2.22,2.22,2.14,2.15,94627000.0
2025-05-16,2.15,2.25,2.15,2.22,149801000.0
2025-05-19,2.21,2.26,2.19,2.24,115505867.0
2025-05-20,2.25,2.3,2.22,2.28,167445652.0
2025-05-21,2.26,2.29,2.23,2.24,111720303.0
2025-05-22,2.23,2.25,2.17,2.18,99538300.0
2025-05-23,2.18,2.24,2.16,2.17,123068300.0
2025-05-26,2.14,2.15,2.07,2.1,145795870.0
2025-05-27,2.09,2.1,2.06,2.1,100647990.0
2025-05-28,2.11,2.15,2.06,2.08,115668557.0
2025-05-29,2.07,2.18,2.05,2.14,178407356.0
2025-05-30,2.14,2.15,2.05,2.06,147414753.0
2025-06-03,2.04,2.05,2.01,2.03,108297103.0
2025-06-04,2.03,2.07,2.01,2.05,85303908.0
2025-06-05,2.06,2.06,2.02,2.04,64993131.0
2025-06-06,2.04,2.06,2.02,2.05,63309540.0
2025-06-09,2.06,2.26,2.05,2.2,413993465.0
2025-06-10,2.19,2.27,2.15,2.16,271648172.0
2025-06-11,2.18,2.25,2.18,2.21,188856713.0
2025-06-12,2.2,2.22,2.17,2.2,131672573.0
2025-06-13,2.2,2.2,2.09,2.1,156340283.0
2025-06-16,2.08,2.12,2.07,2.11,68169883.0
2025-06-17,2.1,2.18,2.09,2.13,119836030.0
2025-06-18,2.1,2.11,2.06,2.07,111155900.0
2025-06-19,2.08,2.08,2.03,2.04,92058900.0
2025-06-20,2.03,2.06,2.03,2.05,71811494.0
2025-06-23,2.03,2.07,2.01,2.06,60410765.0
2025-06-24,2.09,2.14,2.08,2.11,127605910.0
2025-06-25,2.1,2.12,2.08,2.11,90256710.0
2025-06-26,2.11,2.12,2.07,2.08,78828400.0
2025-06-27,2.09,2.12,2.08,2.1,94282260.0
2025-06-30,2.11,2.11,2.08,2.1,63572028.0
2025-07-01,2.1,2.1,2.07,2.09,59487106.0
2025-07-02,2.08,2.09,2.06,2.07,69488000.0
2025-07-03,2.08,2.12,2.07,2.09,78322442.0
2025-07-04,2.08,2.08,2.05,2.05,85250083.0
2025-07-07,2.04,2.07,2.03,2.06,63535199.0
2025-07-08,2.05,2.07,2.04,2.07,110836345.0
2025-07-09,2.06,2.08,2.03,2.04,116954775.0
2025-07-10,2.03,2.03,1.97,1.99,240310405.0
2025-07-11,1.99,2.01,1.93,2.01,209560407.0
2025-07-14,2.01,2.01,1.97,1.98,99305146.0
2025-07-15,1.97,1.98,1.94,1.95,99890200.0
2025-07-16,1.95,1.98,1.95,1.97,86651941.0
2025-07-17,1.97,2.03,1.95,1.99,126433807.0
2025-07-18,1.99,2.02,1.98,1.99,106299086.0
2025-07-21,1.99,2.03,1.98,2.01,129164928.0
2025-07-22,2.0,2.02,1.96,1.99,136234175.0
2025-07-23,1.99,2.01,1.97,1.97,101845900.0
2025-07-24,1.98,2.03,1.97,2.03,207086539.0
2025-07-25,2.02,2.03,1.99,2.0,115550834.0
2025-07-28,2.0,2.0,1.97,1.98,98919565.0
2025-07-29,1.99,1.99,1.95,1.97,95026321.0
2025-07-30,1.96,1.97,1.95,1.96,68446367.0
2025-07-31,1.95,1.96,1.93,1.94,65175124.0
2025-08-01,1.93,2.0,1.93,1.99,134813347.0
2025-08-04,1.97,2.08,1.95,2.03,214709400.0
2025-08-05,2.02,2.23,2.0,2.23,522988530.0
2025-08-06,2.22,2.33,2.18,2.28,516423703.0
2025-08-07,2.33,2.42,2.28,2.36,384940487.0
2025-08-08,2.34,2.45,2.32,2.38,261553916.0
2025-08-11,2.35,2.38,2.33,2.36,206431490.0
2025-08-12,2.36,2.46,2.34,2.41,203056092.0
2025-08-13,2.41,2.53,2.4,2.5,252867471.0
2025-08-14,2.47,2.48,2.25,2.28,398299417.0
2025-08-15,2.29,2.45,2.29,2.42,271395883.0
2025-08-18,2.42,2.5,2.41,2.43,249813244.0
2025-08-19,2.43,2.46,2.33,2.39,218189180.0
2025-08-20,2.39,2.42,2.33,2.38,136198146.0
2025-08-21,2.41,2.51,2.4,2.44,246184025.0
2025-08-22,2.46,2.58,2.45,2.54,276237144.0
2025-08-25,2.55,2.59,2.48,2.53,216559890.0
2025-08-26,2.52,2.6,2.47,2.58,201854068.0
2025-08-27,2.59,2.62,2.52,2.53,204772771.0
2025-08-28,2.55,2.78,2.52,2.62,561910779.0
2025-08-29,2.58,2.64,2.5,2.57,289260269.0
2025-09-01,2.61,2.83,2.59,2.83,448256347.0
2025-09-02,2.78,2.97,2.76,2.81,587428192.0
2025-09-03,2.83,2.85,2.68,2.7,273996809.0
2025-09-04,2.7,2.72,2.44,2.55,359547166.0
2025-09-05,2.58,2.72,2.58,2.67,259038277.0
2025-09-08,2.67,2.94,2.64,2.94,369462480.0
2025-09-09,3.04,3.23,3.04,3.23,265128157.0
2025-09-10,3.2,3.38,3.14,3.28,638197328.0
2025-09-11,3.28,3.44,3.26,3.39,385809629.0
2025-09-12,3.44,3.73,3.39,3.73,554109763.0
2025-09-15,3.75,3.79,3.51,3.62,518997126.0
2025-09-16,3.59,3.7,3.46,3.69,469633102.0
2025-09-17,3.67,3.74,3.59,3.63,300544622.0
2025-09-18,3.66,3.75,3.51,3.58,295346960.0
2025-09-19,3.62,3.65,3.41,3.5,248342952.0
2025-09-22,3.45,3.49,3.26,3.43,276996326.0
2025-09-23,3.42,3.45,3.21,3.33,246859561.0
2025-09-24,3.35,3.47,3.29,3.41,238027256.0
2025-09-25,3.54,3.58,3.29,3.3,249465665.0
2025-09-26,3.31,3.38,3.24,3.25,257776727.0
2025-09-29,3.29,3.33,3.2,3.3,190202574.0
2025-09-30,3.36,3.63,3.28,3.57,466970739.0
2025-10-09,3.6,3.69,3.53,3.62,337196014.0
2025-10-10,3.66,3.67,3.5,3.6,211278144.0
