date,open,high,low,close,volume
2020-12-15,8.72,10.47,8.72,10.47,393821.0
2020-12-16,11.52,11.52,11.52,11.52,215516.0
2020-12-17,12.67,12.67,12.67,12.67,198650.0
2020-12-18,13.94,13.94,13.94,13.94,535511.0
2020-12-21,15.33,15.33,15.33,15.33,630793.0
2020-12-22,14.4,15.16,13.8,13.8,26938926.0
2020-12-23,13.3,13.75,12.63,13.16,18468642.0
2020-12-24,13.16,13.36,12.39,13.03,12686574.0
2020-12-25,12.8,13.68,12.5,13.11,14722239.0
2020-12-28,12.65,12.88,11.83,12.0,12398161.0
2020-12-29,11.72,12.12,11.54,11.69,7017592.0
2020-12-30,11.74,12.86,11.57,12.86,7948243.0
2020-12-31,12.8,13.19,12.36,12.65,12474850.0
2021-01-04,12.45,12.7,12.22,12.55,9360895.0
2021-01-05,12.47,12.53,11.9,11.9,8136879.0
2021-01-06,12.05,12.11,11.54,11.71,6065480.0
2021-01-07,11.61,11.82,11.03,11.18,7184572.0
2021-01-08,10.91,11.33,10.66,11.05,5072849.0
2021-01-11,10.94,11.18,10.55,10.78,4201402.0
2021-01-12,10.71,11.11,10.66,10.89,4178100.0
2021-01-13,10.78,11.5,10.77,10.95,6123194.0
2021-01-14,10.9,11.39,10.61,11.0,5574644.0
2021-01-15,11.08,11.91,10.93,11.34,7490508.0
2021-01-18,11.19,11.47,11.13,11.21,5008528.0
2021-01-19,11.23,12.14,11.13,11.69,11381656.0
2021-01-20,11.57,12.17,11.44,11.98,9746130.0
2021-01-21,11.82,12.01,11.54,11.58,8349219.0
2021-01-22,11.46,12.74,11.44,12.11,14004411.0
2021-01-25,11.9,11.99,10.9,11.53,10929757.0
2021-01-26,11.97,12.6,11.68,11.7,9862953.0
2021-01-27,11.63,12.57,11.3,12.29,11105913.0
2021-01-28,11.86,12.37,11.19,11.29,8846232.0
2021-01-29,11.48,11.66,10.8,11.0,6501436.0
2021-02-01,10.89,11.33,10.83,11.28,4636488.0
2021-02-02,11.24,11.37,10.93,11.04,4021408.0
2021-02-03,11.02,11.06,10.64,10.65,3804229.0
2021-02-04,10.54,10.96,10.5,10.76,3745522.0
2021-02-05,10.76,11.84,10.66,11.7,13431278.0
2021-02-08,11.2,11.26,10.69,10.83,9808787.0
2021-02-09,10.73,10.91,10.65,10.8,3886216.0
2021-02-10,10.83,10.95,10.72,10.81,3022956.0
2021-02-18,10.9,11.16,10.81,11.11,3492282.0
2021-02-19,11.15,11.84,11.03,11.55,6300124.0
2021-02-22,11.58,11.9,11.45,11.57,5901528.0
2021-02-23,11.51,11.86,11.44,11.68,4473474.0
2021-02-24,11.62,11.74,11.2,11.27,4972272.0
2021-02-25,11.29,11.41,10.93,10.95,3675518.0
2021-02-26,10.8,11.09,10.77,10.99,2222300.0
2021-03-01,11.0,11.2,10.93,11.18,2284532.0
2021-03-02,11.2,11.22,10.86,10.99,2529293.0
2021-03-03,10.97,11.13,10.87,11.07,2267730.0
2021-03-04,11.02,11.12,10.9,10.94,2371504.0
2021-03-05,11.0,11.1,10.87,11.06,2003238.0
2021-03-08,11.15,11.26,11.03,11.11,3410130.0
2021-03-09,11.13,11.25,10.58,11.1,4337981.0
2021-03-10,11.06,11.48,10.73,11.14,3550669.0
2021-03-11,11.19,11.43,11.11,11.33,4189925.0
2021-03-12,11.29,11.33,11.05,11.14,2992517.0
2021-03-15,11.1,11.1,10.81,10.89,2239654.0
2021-03-16,10.88,11.05,10.82,10.99,1510488.0
2021-03-17,11.0,11.78,10.92,11.33,4637992.0
2021-03-18,11.27,11.46,11.22,11.39,3417290.0
2021-03-19,11.39,12.29,11.26,12.0,10636243.0
2021-03-22,12.14,12.14,11.58,11.9,8010442.0
2021-03-23,11.8,11.96,11.51,11.55,5263473.0
2021-03-24,11.46,11.72,11.4,11.61,3740228.0
2021-03-25,11.63,12.23,11.56,11.89,8121313.0
2021-03-26,11.85,11.94,11.63,11.72,4585868.0
2021-03-29,11.72,12.11,11.69,11.85,4688907.0
2021-03-30,11.8,12.58,11.6,12.14,7673398.0
2021-03-31,12.03,12.75,12.03,12.51,9499922.0
2021-04-01,12.3,12.47,12.1,12.3,6835572.0
2021-04-02,12.29,13.33,12.24,12.93,12342472.0
2021-04-06,12.88,14.22,12.68,14.22,16315262.0
2021-04-07,15.64,15.64,15.64,15.64,1657338.0
2021-04-08,16.49,17.2,15.7,17.2,21594474.0
2021-04-09,18.6,18.92,18.15,18.92,6847694.0
2021-04-12,19.92,20.75,17.03,17.03,28822029.0
2021-04-13,15.82,16.17,15.33,15.33,20243158.0
2021-04-14,14.55,14.89,14.1,14.55,17655753.0
2021-04-15,14.34,15.45,14.34,14.76,16812756.0
2021-04-16,14.51,14.67,13.9,14.29,12217296.0
2021-04-19,14.29,14.4,13.9,14.21,10548248.0
2021-04-20,14.12,14.45,13.7,13.72,11880066.0
2021-04-21,13.52,13.85,13.36,13.61,8510381.0
2021-04-22,13.58,13.72,13.37,13.62,6595969.0
2021-04-23,13.61,13.64,12.95,12.98,7892020.0
2021-04-26,12.92,13.12,12.79,12.81,4979332.0
2021-04-27,12.85,13.15,12.58,12.66,5924174.0
2021-04-28,12.58,12.8,12.5,12.75,4487006.0
2021-04-29,12.75,13.03,12.7,12.7,4289788.0
2021-04-30,12.55,12.59,12.0,12.21,6305723.0
2021-05-06,12.22,12.44,12.12,12.28,3134081.0
2021-05-07,12.28,12.28,12.0,12.08,3170832.0
2021-05-10,12.08,12.95,11.94,12.68,7298100.0
2021-05-11,12.5,12.93,12.4,12.69,5802530.0
2021-05-12,12.56,12.85,12.4,12.79,4364064.0
2021-05-13,12.68,13.24,12.63,12.97,7185271.0
2021-05-14,12.89,13.1,12.72,12.92,5193624.0
2021-05-17,12.88,12.88,12.48,12.52,3621900.0
2021-05-18,12.44,13.77,12.28,13.77,9338893.0
2021-05-19,14.01,14.08,13.39,13.51,11650043.0
2021-05-20,13.26,14.53,12.96,14.53,22817416.0
2021-05-21,14.31,14.6,13.65,13.88,17463829.0
2021-05-24,13.82,13.82,13.25,13.39,8961854.0
2021-05-25,13.42,13.74,13.02,13.5,9049747.0
2021-05-26,13.45,13.72,13.28,13.31,7301624.0
2021-05-27,13.31,14.25,13.15,13.89,10809877.0
2021-05-28,13.86,14.85,13.66,14.55,15363179.0
2021-05-31,14.3,15.18,14.2,14.47,13412347.0
2021-06-01,14.52,14.74,14.16,14.28,8397762.0
2021-06-02,14.24,15.43,14.03,14.91,13754954.0
2021-06-03,15.27,15.85,14.61,14.69,11894897.0
2021-06-04,14.26,14.4,13.81,14.0,8939181.0
2021-06-07,13.96,15.26,13.83,14.91,12179598.0
2021-06-08,14.92,14.99,14.26,14.41,7892046.0
2021-06-09,14.4,14.64,14.2,14.49,4541000.0
2021-06-10,14.4,15.39,14.33,15.36,13711761.0
2021-06-11,15.27,15.79,14.83,15.08,11913095.0
2021-06-15,15.08,15.11,14.26,14.48,8252529.0
2021-06-16,14.5,15.52,14.28,14.85,9758814.0
2021-06-17,14.74,16.34,14.52,16.34,15983384.0
2021-06-18,16.7,17.97,16.39,17.97,18775990.0
2021-06-21,17.74,18.86,17.12,18.76,16879051.0
2021-06-22,18.71,18.72,17.44,18.0,12612738.0
2021-06-23,17.74,19.5,17.72,18.09,12556426.0
2021-06-24,18.04,19.9,17.72,19.9,12901868.0
2021-06-25,19.58,21.89,19.2,19.88,16212376.0
2021-06-28,19.91,21.87,19.53,21.87,10250649.0
2021-06-29,22.92,23.51,21.51,22.36,13991184.0
2021-06-30,22.5,22.79,21.01,21.51,12143915.0
2021-07-01,21.6,21.78,20.0,20.0,8549845.0
2021-07-02,19.66,19.7,18.48,18.59,9350069.0
2021-07-05,18.78,19.71,18.47,19.11,6985753.0
2021-07-06,19.15,20.45,19.05,19.53,8988869.0
2021-07-07,19.23,19.5,18.91,19.01,5098569.0
2021-07-08,18.92,19.45,18.45,18.46,5683800.0
2021-07-09,18.47,19.3,18.07,18.91,5601364.0
2021-07-12,18.44,19.19,18.33,18.38,5487964.0
2021-07-13,18.5,18.59,17.87,18.05,3994800.0
2021-07-14,18.3,18.52,17.58,17.97,6456146.0
2021-07-15,17.77,18.1,17.06,17.36,4937900.0
2021-07-16,17.18,17.42,16.84,16.86,4715738.0
2021-07-19,17.33,18.55,17.17,18.55,8045400.0
2021-07-20,19.11,19.5,17.45,17.7,11446328.0
2021-07-21,17.78,18.61,17.77,18.22,8529438.0
2021-07-22,18.32,18.33,17.25,17.48,7125914.0
2021-07-23,17.48,17.59,16.58,16.73,7014776.0
2021-07-26,17.04,17.04,15.9,16.26,5312600.0
2021-07-27,16.0,16.39,15.0,15.16,5328366.0
2021-07-28,15.25,15.38,13.95,15.13,5558477.0
2021-07-29,15.43,16.64,15.22,16.46,7530538.0
2021-07-30,17.0,17.15,15.56,16.76,6902744.0
2021-08-02,16.65,16.72,16.2,16.49,3470200.0
2021-08-03,16.66,16.98,16.36,16.54,3285500.0
2021-08-04,18.19,18.19,18.19,18.19,1504838.0
2021-08-05,20.01,20.01,20.01,20.01,2876944.0
2021-08-06,20.0,21.78,19.17,20.22,21408012.0
2021-08-09,20.22,20.22,19.2,19.3,11927314.0
2021-08-10,18.74,20.11,18.4,19.34,11368355.0
2021-08-11,18.97,19.02,18.23,18.4,8714834.0
2021-08-12,18.81,18.81,18.03,18.15,5712292.0
2021-08-13,18.18,18.8,17.76,18.65,7395500.0
2021-08-16,18.53,20.52,18.08,20.52,15171384.0
2021-08-17,19.49,20.19,19.3,19.5,10976910.0
2021-08-18,19.47,20.62,19.37,19.75,8370546.0
2021-08-19,19.52,21.29,19.3,20.6,10921700.0
2021-08-20,20.0,20.29,18.88,19.42,8434346.0
2021-08-23,19.75,21.36,19.32,20.97,12116154.0
2021-08-24,21.3,21.76,20.4,20.97,8328500.0
2021-08-25,20.76,21.97,20.5,20.8,6670012.0
2021-08-26,21.02,21.1,19.7,19.88,5336546.0
2021-08-27,20.02,20.1,19.51,19.63,3734846.0
2021-08-30,19.87,20.6,19.51,20.06,5137100.0
2021-08-31,20.06,20.06,18.8,19.08,5431362.0
2021-09-01,19.0,20.7,18.7,20.24,8225897.0
2021-09-02,19.77,20.41,19.63,20.41,5649344.0
2021-09-03,20.42,22.45,19.88,21.41,14906972.0
2021-09-06,20.89,23.55,20.61,23.55,14810091.0
2021-09-07,23.35,23.5,22.44,22.61,11150418.0
2021-09-08,22.37,23.1,22.22,22.48,7352165.0
2021-09-09,22.15,22.83,21.81,22.3,5404470.0
2021-09-10,22.15,23.1,21.87,22.1,6682097.0
2021-09-13,21.78,23.5,21.61,23.15,7748305.0
2021-09-14,23.0,23.1,21.9,22.2,6148822.0
2021-09-15,22.47,22.85,21.21,21.45,5577269.0
2021-09-16,21.2,21.78,19.97,20.0,6380108.0
2021-09-17,19.93,20.37,19.81,20.15,3279250.0
2021-09-22,19.88,20.9,19.57,20.34,2979625.0
2021-09-23,20.37,20.64,19.62,19.94,3977084.0
2021-09-24,20.05,20.15,19.34,19.86,3067602.0
2021-09-27,19.95,20.3,19.05,20.23,4303503.0
2021-09-28,20.07,20.07,19.62,19.67,2466100.0
2021-09-29,19.6,19.6,17.7,17.86,4470178.0
2021-09-30,18.02,19.3,17.9,19.11,3902050.0
2021-10-08,19.23,21.02,19.15,21.0,6787240.0
2021-10-11,20.5,21.3,20.3,21.01,4582694.0
2021-10-12,21.15,21.29,20.68,20.85,2740238.0
2021-10-13,20.65,21.75,20.65,21.1,3569438.0
2021-10-14,21.0,22.04,20.6,21.59,5050820.0
2021-10-15,21.4,21.93,21.03,21.7,3898700.0
2021-10-18,21.98,22.06,21.26,21.79,3844846.0
2021-10-19,21.94,22.17,21.32,21.8,3381600.0
2021-10-20,21.9,22.02,21.21,21.52,3029038.0
2021-10-21,21.52,21.82,21.33,21.46,2321100.0
2021-10-22,21.52,21.72,20.7,20.94,3331425.0
2021-10-25,21.2,21.2,20.0,20.51,2526103.0
2021-10-26,20.81,20.97,20.0,20.15,2273800.0
2021-10-27,20.16,20.46,19.68,20.17,2299400.0
2021-10-28,20.18,20.35,19.44,19.55,2348871.0
2021-10-29,19.7,20.88,19.4,20.74,4322171.0
2021-11-01,20.58,20.58,19.67,20.24,3793252.0
2021-11-02,20.01,20.81,19.68,19.87,3547906.0
2021-11-03,19.88,20.19,19.7,20.03,1640248.0
2021-11-04,20.07,20.17,19.76,20.02,1652300.0
2021-11-05,19.75,20.0,18.94,19.02,2936200.0
2021-11-08,19.14,20.03,19.1,19.54,2203500.0
2021-11-09,19.38,19.8,19.24,19.53,1505800.0
2021-11-10,19.4,19.85,19.31,19.45,1235622.0
2021-11-11,19.53,19.8,19.44,19.73,1609100.0
2021-11-12,19.86,19.98,19.36,19.76,2264446.0
2021-11-15,19.7,20.91,19.31,20.75,4880306.0
2021-11-16,20.75,20.91,20.18,20.23,2904627.0
2021-11-17,20.2,20.39,19.92,20.13,2236487.0
2021-11-18,19.8,20.2,19.55,19.59,2308104.0
2021-11-19,19.59,20.56,19.5,20.17,2720579.0
2021-11-22,20.1,20.44,20.0,20.14,1703146.0
2021-11-23,20.28,20.28,20.0,20.05,1501900.0
2021-11-24,20.03,20.03,19.6,19.8,1563638.0
2021-11-25,19.76,19.84,19.57,19.7,1166300.0
2021-11-26,19.7,19.76,19.2,19.32,2035100.0
2021-11-29,19.06,19.29,18.35,18.75,2894936.0
2021-11-30,18.75,19.1,18.36,18.5,2229941.0
2021-12-01,18.5,18.76,18.36,18.65,1646331.0
2021-12-02,18.74,18.74,18.0,18.16,2305704.0
2021-12-03,18.5,18.56,18.16,18.38,1726262.0
2021-12-06,18.28,18.75,17.8,18.48,2761261.0
2021-12-07,18.46,18.8,18.19,18.72,2308670.0
2021-12-08,18.6,18.6,18.31,18.55,1787792.0
2021-12-09,18.52,18.52,18.23,18.3,2230787.0
2021-12-10,18.18,18.47,17.92,18.29,1704628.0
2021-12-13,18.28,18.74,18.1,18.38,1986576.0
2021-12-14,18.33,18.69,18.2,18.48,2277183.0
2021-12-15,18.62,19.75,18.49,19.36,5123765.0
2021-12-16,19.5,19.5,18.88,18.99,4190390.0
2021-12-17,18.99,19.14,18.68,18.81,2008488.0
2021-12-20,18.81,19.5,18.68,18.81,2396735.0
2021-12-21,18.82,18.98,18.38,18.44,2080377.0
2021-12-22,18.44,18.44,18.14,18.16,2432100.0
2021-12-23,18.16,18.35,18.04,18.27,1713194.0
2021-12-24,18.4,18.44,18.1,18.11,1554800.0
2021-12-27,18.0,18.58,17.46,18.27,2080691.0
2021-12-28,18.11,19.18,18.02,18.72,4283752.0
2021-12-29,18.74,18.78,18.31,18.31,2220352.0
2021-12-30,18.31,18.75,18.23,18.49,2116320.0
2021-12-31,18.64,19.35,18.35,19.12,4738072.0
2022-01-04,19.13,20.4,19.08,20.0,7685358.0
2022-01-05,20.2,20.66,19.6,20.23,8044827.0
2022-01-06,20.3,20.87,19.96,20.54,8861625.0
2022-01-07,20.48,20.48,19.1,19.21,7806187.0
2022-01-10,18.94,18.95,18.11,18.44,5480368.0
2022-01-11,18.31,18.59,17.87,17.9,5771884.0
2022-01-12,17.92,18.15,17.71,18.01,3950894.0
2022-01-13,18.07,18.1,17.0,17.33,4862500.0
2022-01-14,17.15,17.33,16.77,16.83,4169246.0
2022-01-17,16.85,17.13,16.8,17.01,2543687.0
2022-01-18,17.11,17.27,16.19,16.38,4134738.0
2022-01-19,16.48,16.67,16.15,16.24,2721604.0
2022-01-20,16.4,17.0,15.9,16.48,4854338.0
2022-01-21,16.3,16.5,15.95,16.14,3203500.0
2022-01-24,16.19,16.51,15.9,16.17,2304500.0
2022-01-25,16.14,16.19,15.3,15.3,3011500.0
2022-01-26,14.79,15.49,14.5,14.69,2899269.0
2022-01-27,14.77,14.9,13.89,13.94,3355200.0
2022-01-28,14.0,14.82,14.0,14.77,3744400.0
2022-02-07,15.45,15.68,14.74,14.81,3652800.0
2022-02-08,14.78,15.25,14.78,15.07,2413546.0
2022-02-09,14.99,15.09,14.83,15.03,2787846.0
2022-02-10,15.25,15.25,14.5,14.61,3566269.0
2022-02-11,14.88,14.88,14.07,14.19,2423838.0
2022-02-14,13.96,14.26,13.9,14.08,2001358.0
2022-02-15,13.99,14.21,13.71,14.12,1722100.0
2022-02-16,14.15,15.18,14.05,14.66,3758800.0
2022-02-17,14.49,14.76,14.36,14.46,2639792.0
2022-02-18,14.4,14.4,14.11,14.19,1526046.0
2022-02-21,14.2,14.26,14.0,14.24,1959400.0
2022-02-22,14.23,14.44,13.89,13.99,2506600.0
2022-02-23,13.99,14.21,13.94,14.18,2076400.0
2022-02-24,14.04,14.15,13.2,13.33,4051800.0
2022-02-25,13.4,14.0,13.4,13.55,2935700.0
2022-02-28,13.56,13.6,13.1,13.4,2467121.0
2022-03-01,13.51,13.76,13.3,13.74,2082400.0
2022-03-02,13.67,13.88,13.57,13.77,1523600.0
2022-03-03,13.95,14.18,13.58,13.9,3305446.0
2022-03-04,13.89,14.18,13.71,14.13,2901600.0
2022-03-07,14.13,14.17,13.61,13.67,2365600.0
2022-03-08,13.67,13.75,13.06,13.14,2214500.0
2022-03-09,13.1,13.23,12.11,12.72,2923538.0
2022-03-10,12.92,13.33,12.51,12.71,3121246.0
2022-03-11,12.49,12.69,12.14,12.64,2698000.0
2022-03-14,12.53,12.69,12.16,12.16,2528000.0
2022-03-15,12.11,12.18,11.5,11.52,3429170.0
2022-03-16,11.71,11.98,11.28,11.9,3618700.0
2022-03-17,12.1,12.65,11.98,12.39,4753100.0
2022-03-18,12.25,13.38,12.25,13.06,6825500.0
2022-03-21,13.26,14.26,13.22,14.12,8088700.0
2022-03-22,13.79,14.55,13.65,14.23,5686338.0
2022-03-23,14.32,15.23,14.32,15.12,12666334.0
2022-03-24,13.67,14.35,13.61,13.61,10893100.0
2022-03-25,13.14,13.17,12.44,12.48,9543300.0
2022-03-28,12.15,12.58,12.01,12.33,5213900.0
2022-03-29,12.36,12.4,12.02,12.23,4422100.0
2022-03-30,12.29,12.54,12.08,12.48,4542960.0
2022-03-31,12.35,12.77,12.3,12.5,3775700.0
2022-04-01,12.32,12.45,12.29,12.37,2067946.0
2022-04-06,12.4,12.74,12.22,12.59,2725046.0
2022-04-07,12.76,13.3,12.62,12.74,6362300.0
2022-04-08,12.74,13.21,12.22,12.89,6434146.0
2022-04-11,12.4,12.6,11.8,11.95,5229546.0
2022-04-12,11.76,12.19,11.74,12.18,3292046.0
2022-04-13,12.26,12.26,11.69,11.74,2941200.0
2022-04-14,11.8,12.3,11.74,11.74,2770800.0
2022-04-15,11.74,11.74,11.24,11.29,3574000.0
2022-04-18,11.35,11.35,10.99,11.15,2320100.0
2022-04-19,11.16,11.44,11.1,11.24,2143100.0
2022-04-20,11.13,11.34,10.99,11.05,2494770.0
2022-04-21,11.1,11.18,10.58,10.65,3297700.0
2022-04-22,10.7,10.79,10.36,10.52,3225800.0
2022-04-25,10.54,10.55,9.47,9.47,4946600.0
2022-04-26,9.48,9.67,9.01,9.18,3440746.0
2022-04-27,8.95,9.25,8.55,9.24,3685000.0
2022-04-28,9.24,9.34,8.92,9.05,2562592.0
2022-04-29,9.14,9.55,9.06,9.46,2739100.0
2022-05-05,9.46,9.72,9.31,9.68,2561846.0
2022-05-06,9.41,9.64,9.25,9.49,2266646.0
2022-05-09,9.55,9.7,9.41,9.56,2481800.0
2022-05-10,9.45,9.64,9.35,9.59,1854100.0
2022-05-11,9.5,9.82,9.5,9.64,2822470.0
2022-05-12,9.53,9.82,9.48,9.73,2203400.0
2022-05-13,9.73,9.88,9.62,9.72,1568900.0
2022-05-16,9.77,9.88,9.65,9.66,2136000.0
2022-05-17,9.68,9.75,9.45,9.6,1359870.0
2022-05-18,9.65,10.0,9.6,9.84,2644700.0
2022-05-19,9.7,9.93,9.69,9.9,1635100.0
2022-05-20,9.85,10.24,9.77,10.11,2668000.0
2022-05-23,9.96,10.35,9.96,10.32,2929448.0
2022-05-24,10.25,10.4,9.72,9.75,3565735.0
2022-05-25,9.57,9.88,9.57,9.81,2135800.0
2022-05-26,9.86,9.97,9.6,9.91,2157546.0
2022-05-27,10.03,10.12,9.77,9.87,2466181.0
2022-05-30,9.98,10.39,9.88,10.23,5030927.0
2022-05-31,10.12,10.29,9.97,10.18,3347413.0
2022-06-01,10.21,11.2,10.2,11.2,3913400.0
2022-06-02,11.32,11.43,10.55,10.76,12052706.0
2022-06-06,10.81,10.95,10.54,10.71,5973684.0
2022-06-07,10.7,10.7,10.39,10.6,4408200.0
2022-06-08,10.67,10.68,10.25,10.5,4110700.0
2022-06-09,10.46,10.51,10.16,10.23,2992700.0
2022-06-10,10.19,10.33,10.15,10.32,2263700.0
2022-06-13,10.28,10.43,10.15,10.28,2458900.0
2022-06-14,10.26,10.26,9.9,10.22,3214400.0
2022-06-15,10.27,10.43,10.21,10.21,3304100.0
2022-06-16,10.33,10.55,10.11,10.48,3890200.0
2022-06-17,10.4,10.44,10.17,10.4,2782738.0
2022-06-20,10.4,10.57,10.36,10.53,2905200.0
2022-06-21,10.48,10.6,10.3,10.44,2357100.0
2022-06-22,10.47,10.75,10.21,10.22,3869500.0
2022-06-23,10.22,10.28,10.06,10.19,2817600.0
2022-06-24,10.22,11.21,10.22,10.79,9962208.0
2022-06-27,10.75,11.49,10.52,11.17,13425460.0
2022-06-28,11.05,11.27,10.91,11.12,5793038.0
2022-06-29,11.17,11.19,10.8,10.82,4518298.0
2022-06-30,10.95,11.14,10.85,10.92,4269998.0
2022-07-01,10.91,11.13,10.76,10.85,4052900.0
2022-07-04,10.84,11.05,10.62,10.94,3372090.0
2022-07-05,11.1,11.44,11.05,11.16,8820600.0
2022-07-06,11.06,11.07,10.71,10.8,4148800.0
2022-07-07,10.8,11.77,10.6,11.14,7685700.0
2022-07-08,11.11,11.41,11.05,11.13,6096590.0
2022-07-11,11.02,11.13,10.74,10.79,4068176.0
2022-07-12,10.88,10.93,10.39,10.43,4081700.0
2022-07-13,10.5,10.52,10.34,10.49,2134776.0
2022-07-14,10.45,10.47,10.35,10.35,2798500.0
2022-07-15,10.33,10.33,9.88,9.9,4062900.0
2022-07-18,9.94,10.1,9.93,10.08,2440600.0
2022-07-19,10.15,10.4,10.04,10.33,2934200.0
2022-07-20,10.3,10.49,10.24,10.28,2843500.0
2022-07-21,10.23,10.34,10.11,10.12,2473321.0
2022-07-22,10.06,10.2,9.94,10.0,2182400.0
2022-07-25,10.06,10.08,9.81,9.84,2192600.0
2022-07-26,9.9,10.22,9.68,10.16,3825900.0
2022-07-27,10.08,10.17,9.98,10.05,1783366.0
2022-07-28,10.07,10.29,10.04,10.1,2346800.0
2022-07-29,10.1,10.14,9.95,9.99,1867300.0
2022-08-01,9.99,10.05,9.87,9.95,1439038.0
2022-08-02,9.81,9.83,9.22,9.34,4952298.0
2022-08-03,9.35,9.59,9.19,9.22,2816400.0
2022-08-04,9.28,9.55,9.27,9.46,2832546.0
2022-08-05,9.52,9.64,9.48,9.59,2202000.0
2022-08-08,9.59,9.65,9.47,9.57,1469600.0
2022-08-09,9.6,9.65,9.52,9.59,1524100.0
2022-08-10,9.54,9.69,9.49,9.59,1313290.0
2022-08-11,9.59,9.8,9.59,9.74,1956700.0
2022-08-12,9.79,9.81,9.71,9.74,1395998.0
2022-08-15,9.73,9.73,9.56,9.68,1430811.0
2022-08-16,9.67,9.87,9.62,9.76,1685082.0
2022-08-17,9.71,9.94,9.71,9.85,1879300.0
2022-08-18,9.78,9.84,9.68,9.75,1272298.0
2022-08-19,9.75,9.84,9.62,9.63,1456400.0
2022-08-22,9.64,9.72,9.5,9.7,1264979.0
2022-08-23,9.69,9.72,9.6,9.7,1267798.0
2022-08-24,9.68,9.78,9.45,9.48,1792426.0
2022-08-25,9.48,9.66,9.31,9.4,1536236.0
2022-08-26,9.5,9.67,9.12,9.54,2143846.0
2022-08-29,9.38,9.63,9.31,9.58,1495998.0
2022-08-30,9.61,9.8,9.57,9.68,1790638.0
2022-08-31,9.76,9.76,9.45,9.58,1811338.0
2022-09-01,9.63,9.66,9.41,9.41,1508900.0
2022-09-02,9.4,9.61,9.36,9.58,1370967.0
2022-09-05,9.59,9.68,9.41,9.48,1259000.0
2022-09-06,9.5,9.73,9.45,9.65,2069301.0
2022-09-07,9.59,9.67,9.55,9.61,1459500.0
2022-09-08,9.62,9.66,9.46,9.48,1418000.0
2022-09-09,9.52,9.6,9.36,9.47,1185900.0
2022-09-13,9.49,9.77,9.47,9.66,2741000.0
2022-09-14,9.51,9.75,9.45,9.67,2292500.0
2022-09-15,9.73,9.87,9.44,9.55,3125070.0
2022-09-16,9.65,9.73,9.08,9.27,3622800.0
2022-09-19,9.14,9.14,8.81,8.93,2287500.0
2022-09-20,8.95,9.08,8.95,8.98,1313138.0
2022-09-21,8.84,9.5,8.8,9.23,2821446.0
2022-09-22,9.05,9.25,9.0,9.02,1757244.0
2022-09-23,9.0,9.02,8.8,8.86,1468108.0
2022-09-26,8.8,8.83,8.57,8.61,1598300.0
2022-09-27,8.61,8.99,8.6,8.97,2446138.0
2022-09-28,9.01,9.05,8.78,8.78,1679238.0
2022-09-29,8.86,8.95,8.63,8.68,1520600.0
2022-09-30,8.61,8.84,8.61,8.65,1661728.0
2022-10-10,8.72,8.76,8.4,8.45,1567935.0
2022-10-11,8.41,8.78,8.31,8.52,2612806.0
2022-10-12,8.35,8.7,8.32,8.69,2282406.0
2022-10-13,8.7,8.92,8.61,8.81,2629298.0
2022-10-14,8.87,9.03,8.82,8.88,1759000.0
2022-10-17,8.89,9.77,8.88,9.77,4891998.0
2022-10-18,9.9,9.95,9.44,9.5,9963706.0
2022-10-19,9.4,9.67,9.31,9.54,6213994.0
2022-10-20,9.53,9.79,9.47,9.54,6987900.0
2022-10-21,9.64,10.49,9.45,10.49,23240291.0
2022-10-24,10.97,11.54,10.8,11.2,32114368.0
2022-10-25,10.65,10.78,10.08,10.08,22656795.0
2022-10-26,9.65,10.08,9.62,10.06,17787379.0
2022-10-27,9.9,10.47,9.73,10.1,17563297.0
2022-10-28,10.15,10.19,9.39,9.42,12058994.0
2022-10-31,9.33,9.5,9.02,9.2,9302800.0
2022-11-01,9.25,9.65,9.24,9.64,10289177.0
2022-11-02,9.65,9.89,9.6,9.7,10304381.0
2022-11-03,9.7,10.67,9.62,10.67,16872677.0
2022-11-04,11.04,11.5,10.7,10.88,28086732.0
2022-11-07,10.78,11.97,10.71,11.97,31902942.0
2022-11-08,12.15,12.99,11.6,12.08,40669085.0
2022-11-09,11.84,12.5,11.5,11.95,25270447.0
2022-11-10,11.77,12.88,11.69,12.65,29906722.0
2022-11-11,12.38,12.79,11.75,11.81,26506092.0
2022-11-14,11.7,11.7,10.96,11.02,20840046.0
2022-11-15,11.3,11.33,10.92,11.15,12183946.0
2022-11-16,11.15,11.91,11.07,11.61,21244906.0
2022-11-17,11.35,11.51,11.09,11.24,12401930.0
2022-11-18,11.28,11.7,11.01,11.41,15782352.0
2022-11-21,11.42,11.76,10.71,10.89,14374590.0
2022-11-22,10.73,10.79,10.27,10.32,13022606.0
2022-11-23,10.45,10.46,10.03,10.23,7553600.0
2022-11-24,10.23,10.28,10.07,10.09,5675826.0
2022-11-25,10.08,10.19,9.97,10.19,5487506.0
2022-11-28,10.0,10.06,9.75,10.05,5927516.0
2022-11-29,10.1,10.34,10.05,10.31,6689100.0
2022-11-30,10.31,10.33,10.08,10.14,5735916.0
2022-12-01,10.29,10.4,10.19,10.26,6242400.0
2022-12-02,10.1,10.35,10.1,10.2,4339900.0
2022-12-05,10.26,10.42,10.19,10.29,5458900.0
2022-12-06,10.25,10.35,10.1,10.15,5843100.0
2022-12-07,10.17,10.36,10.03,10.3,5395706.0
2022-12-08,10.29,11.15,10.14,10.76,16916537.0
2022-12-09,10.75,10.84,10.41,10.83,11591890.0
2022-12-12,11.13,11.6,10.94,11.23,19118044.0
2022-12-13,11.3,11.41,11.01,11.35,11872238.0
2022-12-14,11.13,11.32,10.97,11.06,9193322.0
2022-12-15,11.13,11.39,10.88,10.97,7350400.0
2022-12-16,10.8,11.55,10.8,11.3,13433422.0
2022-12-19,11.27,11.27,10.62,10.74,8514100.0
2022-12-20,10.67,10.89,10.64,10.85,5099460.0
2022-12-21,10.82,11.38,10.58,11.17,9151866.0
2022-12-22,11.1,11.31,10.74,10.82,7566988.0
2022-12-23,10.75,11.55,10.7,11.39,16557832.0
2022-12-26,11.2,11.63,11.01,11.62,13790409.0
2022-12-27,11.58,12.57,11.22,11.85,18403815.0
2022-12-28,11.61,12.33,11.49,12.02,17889909.0
2022-12-29,11.81,12.27,11.31,11.35,16417000.0
2022-12-30,11.47,12.05,11.14,11.6,13353489.0
2023-01-03,11.5,11.6,11.17,11.41,9811606.0
2023-01-04,11.3,11.55,10.89,10.95,13105976.0
2023-01-05,10.95,11.12,10.82,11.1,7524512.0
2023-01-06,11.01,11.07,10.75,10.75,7560200.0
2023-01-09,10.7,10.86,10.65,10.86,4672900.0
2023-01-10,10.68,10.69,10.31,10.4,7720700.0
2023-01-11,10.37,10.47,10.3,10.37,4005500.0
2023-01-12,10.43,10.43,10.15,10.19,4702300.0
2023-01-13,10.16,10.27,10.08,10.17,3423500.0
2023-01-16,10.16,10.35,10.16,10.28,3322000.0
2023-01-17,10.32,10.44,10.26,10.36,3045300.0
2023-01-18,10.37,10.38,10.21,10.25,2785064.0
2023-01-19,10.3,10.33,10.19,10.28,2102600.0
2023-01-20,10.29,10.42,10.26,10.4,2602900.0
2023-01-30,10.5,10.72,10.4,10.65,5795965.0
2023-01-31,10.57,10.78,10.52,10.67,4232000.0
2023-02-01,10.63,10.73,10.61,10.73,3541000.0
2023-02-02,10.69,10.75,10.58,10.72,3567700.0
2023-02-03,10.75,10.81,10.63,10.74,3277840.0
2023-02-06,10.71,10.99,10.63,10.88,4912776.0
2023-02-07,10.88,10.92,10.7,10.73,3907100.0
2023-02-08,10.77,10.77,10.5,10.53,4673050.0
2023-02-09,10.58,10.64,10.43,10.63,2789666.0
2023-02-10,10.63,10.73,10.59,10.66,2686000.0
2023-02-13,10.64,11.16,10.61,11.05,9270946.0
2023-02-14,11.01,11.35,11.01,11.22,7651800.0
2023-02-15,11.2,11.23,11.04,11.09,3491700.0
2023-02-16,11.18,11.75,11.11,11.23,12128976.0
2023-02-17,11.3,11.66,10.93,10.95,9666100.0
2023-02-20,11.0,11.25,10.92,11.24,6106106.0
2023-02-21,11.2,11.24,10.99,11.09,4885800.0
2023-02-22,11.09,11.15,10.93,11.13,2905800.0
2023-02-23,11.09,11.24,11.09,11.16,3364800.0
2023-02-24,11.18,11.37,11.13,11.28,4355625.0
2023-02-27,11.28,11.28,10.96,10.97,3996400.0
2023-02-28,10.98,11.27,10.98,11.22,3741200.0
2023-03-01,11.2,11.31,11.09,11.24,3653300.0
2023-03-02,11.24,11.31,11.12,11.2,2887131.0
2023-03-03,11.16,11.55,11.16,11.4,6345500.0
2023-03-06,11.44,11.61,11.41,11.51,6032921.0
2023-03-07,11.51,11.51,11.21,11.22,3972400.0
2023-03-08,11.16,11.29,11.11,11.29,2255200.0
2023-03-09,11.29,11.34,11.03,11.19,3466306.0
2023-03-10,11.08,11.22,10.89,11.03,4288000.0
2023-03-13,11.01,11.1,10.8,10.99,3325000.0
2023-03-14,10.99,11.0,10.6,10.7,2866900.0
2023-03-15,10.74,10.9,10.72,10.74,1812400.0
2023-03-16,10.71,10.71,10.47,10.53,2813500.0
2023-03-17,10.77,11.45,10.77,11.18,10874790.0
2023-03-20,11.28,11.83,11.24,11.69,14019506.0
2023-03-21,11.6,12.23,11.55,12.17,13169306.0
2023-03-22,12.13,12.47,12.12,12.4,10911206.0
2023-03-23,12.2,12.38,11.94,12.01,8714906.0
2023-03-24,12.03,12.32,11.98,12.04,4568830.0
2023-03-27,12.08,12.34,11.9,12.12,5723000.0
2023-03-28,11.98,12.24,11.88,11.99,3993846.0
2023-03-29,12.01,12.37,11.9,12.29,5253000.0
2023-03-30,12.13,12.23,11.82,12.1,5476200.0
2023-03-31,12.19,12.91,12.08,12.77,11068900.0
2023-04-03,12.88,13.5,12.42,13.12,15560400.0
2023-04-04,13.0,13.36,12.83,13.12,11387306.0
2023-04-06,13.11,13.42,12.7,12.83,8585851.0
2023-04-07,12.93,13.12,12.65,12.99,6859156.0
2023-04-10,12.98,13.3,12.6,12.7,9461400.0
2023-04-11,12.75,12.92,12.69,12.83,6102881.0
2023-04-12,12.79,13.2,12.57,12.68,6767912.0
2023-04-13,12.62,12.94,12.47,12.56,5908300.0
2023-04-14,12.58,12.75,12.38,12.5,4172068.0
2023-04-17,12.46,12.55,12.21,12.25,3520238.0
2023-04-18,12.23,12.45,12.12,12.33,3627138.0
2023-04-19,12.45,12.97,12.36,12.65,5595800.0
2023-04-20,12.46,12.64,12.2,12.5,4999906.0
2023-04-21,12.5,12.58,11.87,11.88,7342006.0
2023-04-24,11.93,12.12,11.72,11.98,4470831.0
2023-04-25,11.99,12.06,11.64,11.83,4624000.0
2023-04-26,11.9,12.2,11.71,12.04,5615006.0
2023-04-27,12.02,12.44,11.99,12.0,5788200.0
2023-04-28,12.02,12.55,12.02,12.49,6082901.0
2023-05-04,12.55,12.86,12.41,12.57,5403800.0
2023-05-05,12.58,12.58,12.19,12.32,5528800.0
2023-05-08,12.5,12.51,12.03,12.24,5189600.0
2023-05-09,12.27,12.48,12.02,12.08,5223200.0
2023-05-10,11.91,11.98,11.67,11.73,3985200.0
2023-05-11,11.79,12.9,11.69,12.9,9940793.0
2023-05-12,13.25,13.6,12.91,13.39,22240112.0
2023-05-15,13.38,13.86,13.1,13.84,19984873.0
2023-05-16,13.6,13.75,13.2,13.47,13960544.0
2023-05-17,13.37,13.5,13.18,13.44,8917649.0
2023-05-18,13.44,13.92,13.18,13.78,13316606.0
2023-05-19,13.86,13.86,13.51,13.58,8412199.0
2023-05-22,13.58,13.85,13.46,13.58,6367500.0
2023-05-23,13.5,14.34,13.48,13.7,12080600.0
2023-05-24,13.68,13.74,13.22,13.49,9448948.0
2023-05-25,13.45,13.66,13.3,13.48,6661006.0
2023-05-26,13.41,13.68,13.28,13.55,5483506.0
2023-05-29,13.6,13.87,13.47,13.55,4898346.0
2023-05-30,13.48,13.72,13.34,13.62,4548646.0
2023-05-31,13.61,14.09,13.49,13.75,9877593.0
2023-06-01,13.74,14.43,13.63,14.17,14465799.0
2023-06-02,14.1,14.1,13.1,13.12,15457046.0
2023-06-05,13.18,13.49,13.13,13.45,7728800.0
2023-06-06,13.43,13.73,13.32,13.32,6511468.0
2023-06-07,13.48,13.56,12.92,13.43,5791012.0
2023-06-08,13.6,13.95,13.2,13.24,5188200.0
2023-06-09,13.24,13.39,13.06,13.24,4238500.0
2023-06-12,13.35,13.98,13.31,13.76,8826806.0
2023-06-13,13.65,14.22,13.57,13.92,7378805.0
2023-06-14,13.84,13.95,13.6,13.64,5088606.0
2023-06-15,13.6,13.78,13.36,13.42,4715906.0
2023-06-16,13.45,13.63,13.25,13.37,5529806.0
2023-06-19,13.44,13.49,13.29,13.33,4266500.0
2023-06-20,13.42,13.42,12.91,12.94,6917638.0
2023-06-21,12.98,12.98,12.25,12.3,6171438.0
2023-06-26,12.16,12.34,11.88,11.9,5319100.0
2023-06-27,11.83,12.69,11.83,12.61,6076976.0
2023-06-28,12.6,12.68,12.12,12.52,4633400.0
2023-06-29,12.28,12.64,12.26,12.46,2612638.0
2023-06-30,12.4,12.85,12.4,12.7,4618300.0
2023-07-03,12.79,12.84,12.55,12.72,3499100.0
2023-07-04,12.68,12.95,12.66,12.87,3440987.0
2023-07-05,12.79,13.05,12.77,12.85,3149394.0
2023-07-06,12.82,12.94,12.61,12.63,2528200.0
2023-07-07,12.78,12.78,12.35,12.58,2922800.0
2023-07-10,12.57,12.85,12.47,12.65,2631500.0
2023-07-11,12.62,12.7,12.43,12.48,2934787.0
2023-07-12,12.48,12.57,12.18,12.18,2802400.0
2023-07-13,12.17,12.36,12.14,12.31,1949500.0
2023-07-14,12.29,12.54,12.21,12.32,1870706.0
2023-07-17,12.26,12.36,12.11,12.31,2154200.0
2023-07-18,12.31,12.31,12.13,12.15,2227628.0
2023-07-19,12.19,12.3,12.14,12.28,1670400.0
2023-07-20,12.24,12.45,12.14,12.17,2033300.0
2023-07-21,12.1,12.36,12.04,12.29,1624800.0
2023-07-24,12.4,12.66,12.35,12.48,4617906.0
2023-07-25,12.62,13.14,12.59,12.99,8865100.0
2023-07-26,12.87,13.0,12.46,12.51,5305700.0
2023-07-27,12.53,12.6,12.25,12.29,3196500.0
2023-07-28,12.26,12.52,12.17,12.36,2481538.0
2023-07-31,12.43,12.73,12.15,12.63,4385406.0
2023-08-01,12.6,12.69,12.32,12.34,3353038.0
2023-08-02,12.28,12.3,12.06,12.09,3650500.0
2023-08-03,12.05,12.1,11.9,11.95,2681000.0
2023-08-04,12.02,12.25,11.99,12.0,2567500.0
2023-08-07,12.0,12.13,11.85,12.07,2389100.0
2023-08-08,12.0,12.08,11.92,12.02,1558900.0
2023-08-09,11.99,12.08,11.87,11.9,2250600.0
2023-08-10,11.83,12.03,11.83,12.0,1178200.0
2023-08-11,11.93,12.15,11.88,11.89,2264200.0
2023-08-14,11.83,12.11,11.73,12.08,2653846.0
2023-08-15,12.1,12.21,11.99,12.04,2088300.0
2023-08-16,12.04,12.04,11.7,11.71,2307900.0
2023-08-17,11.71,11.98,11.52,11.96,2225700.0
2023-08-18,12.16,12.21,11.67,11.7,3274900.0
2023-08-21,11.66,11.91,11.59,11.61,1921100.0
2023-08-22,11.65,11.72,11.38,11.6,2621800.0
2023-08-23,11.57,11.57,11.27,11.28,1844600.0
2023-08-24,11.28,11.49,11.15,11.34,1627300.0
2023-08-25,11.28,11.46,11.12,11.17,1971100.0
2023-08-28,11.65,11.7,11.25,11.32,2567146.0
2023-08-29,11.28,11.77,11.22,11.77,2980100.0
2023-08-30,11.85,11.97,11.78,11.94,3025500.0
2023-08-31,12.0,12.0,11.82,11.94,1857400.0
2023-09-01,12.0,12.6,11.88,12.39,6935500.0
2023-09-04,12.39,12.7,12.23,12.31,5762000.0
2023-09-05,12.24,12.37,12.17,12.27,2874300.0
2023-09-06,12.22,12.36,12.14,12.36,2236200.0
2023-09-07,12.36,12.43,12.1,12.16,2687200.0
2023-09-08,12.17,12.32,11.89,11.91,2532800.0
2023-09-11,11.94,12.09,11.83,11.97,2562600.0
2023-09-12,12.02,12.05,11.69,11.71,2524400.0
2023-09-13,11.9,11.92,11.62,11.71,2809500.0
2023-09-14,11.7,11.7,11.39,11.61,2535700.0
2023-09-15,11.64,11.74,11.53,11.63,1650500.0
2023-09-18,11.62,12.05,11.49,11.93,3871981.0
2023-09-19,11.9,11.96,11.48,11.59,2586000.0
2023-09-20,11.58,11.62,11.38,11.39,1945000.0
2023-09-21,11.3,11.48,11.17,11.32,2206600.0
2023-09-22,11.24,11.49,11.19,11.47,2074000.0
2023-09-25,11.48,11.55,10.88,10.97,4020976.0
2023-09-26,11.01,11.03,10.68,10.74,2136276.0
2023-09-27,10.84,10.85,10.64,10.78,2059900.0
2023-09-28,10.86,10.94,10.79,10.89,2032900.0
2023-10-09,10.83,11.12,10.15,10.22,6046500.0
2023-10-10,10.22,10.46,10.22,10.28,3690706.0
2023-10-11,10.28,10.49,10.22,10.37,2275200.0
2023-10-12,10.48,10.49,10.3,10.37,3531246.0
2023-10-13,10.32,10.34,10.16,10.18,2218500.0
2023-10-16,10.15,10.38,10.1,10.23,2385385.0
2023-10-17,10.2,10.37,10.15,10.35,2100106.0
2023-10-18,10.28,10.4,10.08,10.11,1915400.0
2023-10-19,10.1,10.28,10.0,10.11,1938857.0
2023-10-20,10.03,10.21,9.97,10.03,1726500.0
2023-10-23,10.02,10.11,9.6,9.67,2553200.0
2023-10-24,9.95,10.24,9.73,10.22,3298600.0
2023-10-25,10.17,10.31,10.07,10.21,2208584.0
2023-10-26,10.07,10.22,10.05,10.19,1505300.0
2023-10-27,10.19,10.41,10.12,10.37,1951800.0
2023-10-30,10.37,10.51,10.26,10.39,2267500.0
2023-10-31,10.43,10.86,10.15,10.47,9545538.0
2023-11-01,10.51,10.58,10.13,10.47,7426200.0
2023-11-02,10.43,10.83,10.4,10.66,7396357.0
2023-11-03,10.63,10.89,10.56,10.72,5161995.0
2023-11-06,10.68,10.88,10.49,10.87,5003000.0
2023-11-07,10.88,10.94,10.68,10.78,3474300.0
2023-11-08,10.77,10.88,10.63,10.69,2808900.0
2023-11-09,10.69,10.75,10.55,10.57,2624400.0
2023-11-10,10.64,10.7,10.48,10.63,2619800.0
2023-11-13,10.7,10.94,10.7,10.93,3431300.0
2023-11-14,11.0,11.31,10.96,11.12,3945700.0
2023-11-15,11.15,11.28,10.95,11.19,3412600.0
2023-11-16,11.14,11.33,10.99,11.02,3418338.0
2023-11-17,11.06,11.19,10.94,11.04,2771086.0
2023-11-20,11.02,11.2,10.88,11.12,2588500.0
2023-11-21,11.11,11.18,10.95,10.97,2609700.0
2023-11-22,10.99,11.08,10.88,10.96,3179500.0
2023-11-23,10.96,11.05,10.82,10.96,1911100.0
2023-11-24,10.97,11.01,10.75,10.78,1889948.0
2023-11-27,10.76,10.82,10.69,10.78,1867002.0
2023-11-28,10.81,11.01,10.63,10.91,1792202.0
2023-11-29,10.88,10.95,10.71,10.75,1705137.0
2023-11-30,10.84,10.84,10.6,10.73,1611448.0
2023-12-01,10.79,10.99,10.63,10.9,2082948.0
2023-12-04,10.91,10.99,10.65,10.72,2007938.0
2023-12-05,10.72,10.78,10.55,10.55,1709800.0
2023-12-06,10.53,10.71,10.48,10.66,1608000.0
2023-12-07,10.64,11.15,10.57,11.03,3892638.0
2023-12-08,11.0,11.04,10.19,10.22,7092300.0
2023-12-11,10.07,10.52,10.07,10.42,4047506.0
2023-12-12,10.44,10.54,10.42,10.5,1933400.0
2023-12-13,10.48,10.48,10.32,10.34,1548000.0
2023-12-14,10.37,10.72,10.22,10.49,2427400.0
2023-12-15,10.46,10.6,10.38,10.5,1462400.0
2023-12-18,10.6,10.6,10.26,10.3,1985900.0
2023-12-19,10.33,10.42,10.24,10.39,1239700.0
2023-12-20,10.46,10.46,10.19,10.22,1298700.0
2023-12-21,10.21,10.45,10.08,10.42,1530200.0
2023-12-22,10.44,10.45,10.05,10.09,2142400.0
2023-12-25,10.16,10.16,9.88,9.97,1766900.0
2023-12-26,9.9,9.97,9.74,9.77,1400300.0
2023-12-27,9.81,9.85,9.71,9.83,1243200.0
2023-12-28,9.85,9.99,9.55,9.91,2066600.0
2023-12-29,9.9,9.95,9.85,9.9,2092600.0
2024-01-02,9.92,10.07,9.87,10.01,1526100.0
2024-01-03,10.01,10.08,9.88,9.96,1388800.0
2024-01-04,9.96,10.23,9.86,10.1,3295500.0
2024-01-05,10.09,10.09,9.8,9.84,2633500.0
2024-01-08,9.82,9.89,9.71,9.74,1845200.0
2024-01-09,9.77,9.91,9.69,9.84,2102000.0
2024-01-10,9.76,9.89,9.55,9.69,2953900.0
2024-01-11,9.69,9.87,9.63,9.86,2049600.0
2024-01-12,9.83,9.89,9.6,9.61,2036200.0
2024-01-15,9.62,9.8,9.53,9.73,1710700.0
2024-01-16,9.72,9.86,9.41,9.52,1887600.0
2024-01-17,9.5,10.3,9.47,9.52,6325813.0
2024-01-18,9.44,10.47,9.22,10.47,20592299.0
2024-01-19,10.25,11.1,10.03,10.12,24330806.0
2024-01-22,10.02,10.07,9.11,9.11,15160106.0
2024-01-23,9.09,9.11,8.2,8.96,11331006.0
2024-01-24,9.02,9.51,8.87,9.2,7108000.0
2024-01-25,9.1,9.22,8.84,9.16,6069500.0
2024-01-26,9.13,9.13,8.83,8.86,4219500.0
2024-01-29,8.86,8.96,8.46,8.51,4086400.0
2024-01-30,8.56,8.61,8.21,8.29,3495200.0
2024-01-31,8.29,8.29,7.72,7.81,4235200.0
2024-02-01,7.81,7.81,7.46,7.65,3634700.0
2024-02-02,7.58,7.8,7.01,7.26,4588600.0
2024-02-05,7.26,7.27,6.53,6.53,6749700.0
2024-02-06,6.55,6.77,5.97,6.52,6689906.0
2024-02-07,6.49,6.49,6.09,6.13,8555638.0
2024-02-08,6.16,6.74,6.11,6.74,8300228.0
2024-02-19,7.1,7.38,6.98,7.12,7855913.0
2024-02-20,7.12,7.5,6.92,7.46,5644800.0
2024-02-21,7.26,8.05,7.25,7.63,6848840.0
2024-02-22,7.6,7.98,7.59,7.88,5677700.0
2024-02-23,7.92,8.0,7.78,7.97,4452800.0
2024-02-26,7.95,8.19,7.9,8.0,4074700.0
2024-02-27,7.98,8.21,7.9,8.2,3283900.0
2024-02-28,8.25,8.43,7.63,7.64,5362806.0
2024-02-29,7.59,7.82,7.53,7.78,4147400.0
2024-03-01,7.76,7.88,7.72,7.86,3287900.0
2024-03-04,7.86,7.95,7.66,7.91,3368381.0
2024-03-05,7.89,8.14,7.68,8.05,5499698.0
2024-03-06,8.02,8.03,7.73,7.92,4601000.0
2024-03-07,7.92,8.2,7.9,8.0,4526306.0
2024-03-08,7.96,8.06,7.87,7.91,2019800.0
2024-03-11,7.92,8.08,7.85,8.07,2821200.0
2024-03-12,8.07,8.41,8.06,8.37,4180200.0
2024-03-13,8.4,8.46,8.24,8.38,3630900.0
2024-03-14,8.37,8.56,8.33,8.52,4540722.0
2024-03-15,8.84,9.33,8.77,9.11,15092461.0
2024-03-18,9.08,9.92,9.04,9.7,11108000.0
2024-03-19,9.84,9.84,9.43,9.49,6356240.0
2024-03-20,9.47,10.05,9.47,9.75,5126651.0
2024-03-21,9.68,9.82,9.55,9.68,4236500.0
2024-03-22,9.67,9.82,9.52,9.71,4343328.0
2024-03-25,9.7,9.88,9.61,9.61,3684400.0
2024-03-26,9.7,9.92,9.62,9.85,3796600.0
2024-03-27,9.8,9.93,9.64,9.65,3524000.0
2024-03-28,9.6,9.74,9.49,9.56,3713100.0
2024-03-29,9.55,9.8,9.55,9.76,2993700.0
2024-04-01,9.73,10.23,9.73,10.23,5771400.0
2024-04-02,9.97,10.48,9.97,10.31,5519700.0
2024-04-03,10.2,10.55,10.2,10.41,4255000.0
2024-04-08,10.44,10.57,10.31,10.42,3603882.0
2024-04-09,10.32,10.79,10.3,10.75,4940400.0
2024-04-10,10.67,10.81,10.45,10.7,3213545.0
2024-04-11,10.55,10.72,10.4,10.43,3160200.0
2024-04-12,10.45,10.62,10.4,10.48,2395146.0
2024-04-15,10.55,10.55,9.87,9.99,4637941.0
2024-04-16,10.07,10.07,9.24,9.33,5745700.0
2024-04-17,9.44,9.93,9.44,9.74,3947500.0
2024-04-18,10.08,10.71,9.65,10.71,11928884.0
2024-04-19,10.68,10.68,9.77,9.89,12840800.0
2024-04-22,10.06,10.09,9.62,9.79,6258528.0
2024-04-23,9.7,10.06,9.65,9.92,4394800.0
2024-04-24,9.94,10.18,9.81,10.14,4727400.0
2024-04-25,9.98,10.35,9.91,10.1,4375285.0
2024-04-26,9.9,9.9,9.5,9.62,9065583.0
2024-04-29,9.64,9.88,9.44,9.86,5223576.0
2024-04-30,9.86,10.05,9.7,9.9,5032335.0
2024-05-06,9.96,10.16,9.88,9.99,4566700.0
2024-05-07,9.99,10.1,9.79,9.89,4369535.0
2024-05-08,9.8,10.19,9.73,9.84,8891880.0
2024-05-09,9.47,9.72,9.28,9.64,6673249.0
2024-05-10,9.7,9.7,9.45,9.55,2832831.0
2024-05-13,9.48,9.5,9.29,9.31,2897900.0
2024-05-14,9.27,9.75,9.23,9.57,5351841.0
2024-05-15,9.59,9.69,9.47,9.48,2822080.0
2024-05-16,9.5,9.72,9.5,9.54,3397500.0
2024-05-17,9.56,9.66,9.45,9.59,3001917.0
2024-05-20,9.55,9.85,9.45,9.61,4113100.0
2024-05-21,9.6,9.71,9.51,9.65,4178100.0
2024-05-22,9.58,9.71,9.45,9.5,3652631.0
2024-05-23,9.4,9.48,9.18,9.2,3033031.0
2024-05-24,9.19,9.28,9.04,9.04,2731798.0
2024-05-27,9.05,9.18,8.95,9.14,2227483.0
2024-05-28,9.07,9.12,8.91,8.94,1913700.0
2024-05-29,8.94,9.05,8.8,8.85,2176700.0
2024-05-30,8.8,8.88,8.7,8.77,1839200.0
2024-05-31,8.85,9.04,8.76,8.97,3076400.0
2024-06-03,8.9,8.92,8.61,8.73,2771600.0
2024-06-04,8.69,8.69,8.5,8.63,2149300.0
2024-06-05,8.63,8.68,8.46,8.46,1794100.0
2024-06-06,8.41,8.5,7.9,8.01,4356500.0
2024-06-07,8.08,8.42,8.08,8.32,2688000.0
2024-06-11,8.39,8.43,8.16,8.39,1855100.0
2024-06-12,8.41,8.67,8.35,8.62,2213200.0
2024-06-13,8.51,8.67,8.51,8.56,1875600.0
2024-06-14,8.54,8.74,8.45,8.6,2092700.0
2024-06-17,8.56,8.89,8.52,8.55,2718000.0
2024-06-18,8.6,8.63,8.43,8.59,1701900.0
2024-06-19,8.59,8.63,8.43,8.49,2229400.0
2024-06-20,8.51,8.51,8.22,8.25,1886400.0
2024-06-21,8.27,8.37,8.19,8.25,1230300.0
2024-06-24,8.2,8.2,7.74,7.83,2683900.0
2024-06-25,7.8,8.09,7.8,8.0,2192200.0
2024-06-26,7.94,8.36,7.9,8.32,2537800.0
2024-06-27,8.33,8.45,8.22,8.23,2201300.0
2024-06-28,8.16,8.35,8.09,8.12,2132600.0
2024-07-01,8.05,8.23,8.03,8.13,1706885.0
2024-07-02,8.1,8.23,8.1,8.19,1419700.0
2024-07-03,8.14,8.31,8.09,8.09,1141300.0
2024-07-04,8.08,8.15,7.78,7.78,2248200.0
2024-07-05,7.79,7.91,7.7,7.9,1315600.0
2024-07-08,7.9,7.94,7.62,7.63,1924900.0
2024-07-09,7.57,7.65,7.29,7.63,2283100.0
2024-07-10,7.61,7.69,7.48,7.55,1484800.0
2024-07-11,7.65,7.96,7.65,7.9,2355800.0
2024-07-12,7.92,8.08,7.82,7.96,2598000.0
2024-07-15,7.95,8.11,7.82,7.97,2531585.0
2024-07-16,7.89,8.16,7.89,8.12,2422900.0
2024-07-17,8.12,8.15,7.95,8.01,2147900.0
2024-07-18,7.97,8.38,7.9,8.06,4766485.0
2024-07-19,8.0,8.17,7.99,8.07,3100500.0
2024-07-22,8.1,8.28,8.07,8.26,4307500.0
2024-07-23,8.23,8.45,7.96,8.03,4215500.0
2024-07-24,7.94,8.09,7.82,7.86,3516800.0
2024-07-25,7.86,8.58,7.81,8.24,7636583.0
2024-07-26,8.38,8.55,8.16,8.37,8102574.0
2024-07-29,8.26,8.28,7.84,7.94,7585360.0
2024-07-30,7.91,7.91,7.57,7.59,6062986.0
2024-07-31,7.57,7.75,7.55,7.71,5234478.0
2024-08-01,7.69,7.75,7.52,7.53,4798600.0
2024-08-02,7.44,7.57,7.38,7.46,2968300.0
2024-08-05,7.57,7.91,7.51,7.61,7563900.0
2024-08-06,7.58,7.87,7.46,7.71,6783074.0
2024-08-07,7.66,7.69,7.5,7.52,3641649.0
2024-08-08,7.48,7.52,7.33,7.46,2665900.0
2024-08-09,7.52,7.56,7.4,7.4,2084713.0
2024-08-12,7.34,7.43,7.29,7.32,1762638.0
2024-08-13,7.32,7.38,7.23,7.31,1658638.0
2024-08-14,7.29,7.35,7.21,7.22,1280400.0
2024-08-15,7.23,7.38,7.2,7.33,2588600.0
2024-08-16,7.28,7.32,7.01,7.02,3738600.0
2024-08-19,7.03,7.13,6.99,7.05,1870000.0
2024-08-20,7.05,7.17,6.99,7.15,2610100.0
2024-08-21,7.14,7.14,7.01,7.02,1685300.0
2024-08-22,7.02,7.08,6.94,6.98,1735500.0
2024-08-23,6.98,7.03,6.93,6.94,1104291.0
2024-08-26,6.94,7.01,6.87,6.93,1528010.0
2024-08-27,6.93,7.0,6.8,6.81,1329910.0
2024-08-28,6.81,6.87,6.76,6.82,1396100.0
2024-08-29,6.78,6.92,6.76,6.89,1183600.0
2024-08-30,6.89,7.2,6.88,7.01,2168900.0
2024-09-02,7.0,7.03,6.83,6.83,1613200.0
2024-09-03,6.83,6.96,6.8,6.9,865000.0
2024-09-04,6.85,6.95,6.82,6.86,1173800.0
2024-09-05,6.86,6.94,6.86,6.92,806700.0
2024-09-06,6.98,6.98,6.8,6.81,931000.0
2024-09-09,6.78,6.87,6.71,6.8,873400.0
2024-09-10,6.8,6.87,6.68,6.83,1101700.0
2024-09-11,6.86,6.88,6.72,6.77,852900.0
2024-09-12,6.73,6.78,6.62,6.64,1882738.0
2024-09-13,6.64,6.69,6.52,6.52,1355400.0
2024-09-18,6.52,6.61,6.43,6.5,1277000.0
2024-09-19,6.5,6.76,6.5,6.74,2257300.0
2024-09-20,6.74,6.75,6.63,6.71,1401000.0
2024-09-23,6.69,6.73,6.56,6.57,1497900.0
2024-09-24,6.63,6.8,6.59,6.8,2395500.0
2024-09-25,6.86,7.08,6.86,6.94,2996100.0
2024-09-26,6.96,7.22,6.9,7.18,2765400.0
2024-09-27,7.24,7.46,7.22,7.43,2172600.0
2024-09-30,7.66,8.1,7.48,8.06,7569246.0
2024-10-08,8.85,8.85,7.96,8.25,8855647.0
2024-10-09,8.06,8.09,7.45,7.5,5627500.0
2024-10-10,7.5,7.74,7.4,7.57,3685200.0
2024-10-11,7.51,7.55,7.17,7.29,3706700.0
2024-10-14,7.3,7.4,7.11,7.39,3185500.0
2024-10-15,7.38,7.41,7.21,7.21,2602300.0
2024-10-16,7.19,7.4,7.15,7.31,2576141.0
2024-10-17,7.3,7.45,7.21,7.22,2519200.0
2024-10-18,7.19,7.4,7.15,7.32,3006455.0
2024-10-21,7.35,7.42,7.29,7.32,3273500.0
2024-10-22,7.3,7.54,7.29,7.49,3466400.0
2024-10-23,7.49,7.56,7.4,7.46,2919000.0
2024-10-24,7.49,7.51,7.36,7.47,2337700.0
2024-10-25,7.47,7.58,7.47,7.58,2888400.0
2024-10-28,7.59,7.78,7.59,7.76,3666000.0
2024-10-29,7.86,7.9,7.57,7.6,3952000.0
2024-10-30,7.56,7.66,7.45,7.53,3059700.0
2024-10-31,7.53,7.63,7.5,7.58,2520200.0
2024-11-01,7.6,7.63,7.37,7.4,3188700.0
2024-11-04,7.45,7.59,7.4,7.59,2897700.0
2024-11-05,7.6,7.73,7.57,7.71,4073400.0
2024-11-06,7.72,7.78,7.61,7.7,4617300.0
2024-11-07,7.68,7.98,7.64,7.94,4454717.0
2024-11-08,8.02,8.02,7.79,7.89,4671300.0
2024-11-11,7.84,7.93,7.8,7.93,3842730.0
2024-11-12,7.97,8.1,7.86,7.91,5098200.0
2024-11-13,7.95,7.98,7.71,7.93,3400246.0
2024-11-14,8.0,8.03,7.71,7.75,3112800.0
2024-11-15,7.74,7.88,7.63,7.66,3012300.0
2024-11-18,7.72,7.74,7.46,7.52,3841200.0
2024-11-19,7.59,7.73,7.5,7.72,3989032.0
2024-11-20,7.68,8.08,7.68,7.98,6184100.0
2024-11-21,7.88,8.03,7.84,7.99,4565600.0
2024-11-22,8.0,8.02,7.62,7.65,3782000.0
2024-11-25,7.78,7.92,7.66,7.9,3950800.0
2024-11-26,7.98,8.22,7.9,8.01,6797066.0
2024-11-27,8.02,8.26,7.79,8.25,7373600.0
2024-11-28,8.24,8.79,8.16,8.46,12436200.0
2024-11-29,8.42,8.71,8.35,8.59,8587300.0
2024-12-02,8.58,8.65,8.5,8.59,4985700.0
2024-12-03,8.6,8.64,8.45,8.56,3812900.0
2024-12-04,8.46,8.53,8.2,8.24,4206800.0
2024-12-05,8.21,8.55,8.21,8.39,5146200.0
2024-12-06,8.43,8.54,8.32,8.49,3709200.0
2024-12-09,8.49,8.56,8.4,8.5,3226900.0
2024-12-10,8.68,8.78,8.53,8.56,4300100.0
2024-12-11,8.6,8.88,8.52,8.79,6237200.0
2024-12-12,8.8,9.04,8.68,9.01,5904200.0
2024-12-13,9.01,9.24,8.94,9.02,6658700.0
2024-12-16,9.14,9.83,9.03,9.5,17360068.0
2024-12-17,9.5,10.17,8.6,8.83,22067564.0
2024-12-18,8.68,8.9,8.52,8.66,12510784.0
2024-12-19,8.53,8.65,8.26,8.58,7988184.0
2024-12-20,8.56,8.82,8.53,8.56,4867200.0
2024-12-23,8.51,8.62,7.98,8.02,5882500.0
2024-12-24,8.1,8.15,7.92,7.98,4146200.0
2024-12-25,7.96,8.0,7.66,7.78,3902700.0
2024-12-26,7.79,7.97,7.79,7.89,2667100.0
2024-12-27,7.89,8.21,7.84,8.12,4101400.0
2024-12-30,8.12,8.12,7.86,7.93,3009200.0
2024-12-31,7.95,8.07,7.88,7.89,2762100.0
2025-01-02,7.82,8.68,7.82,8.68,7247305.0
2025-01-03,8.56,8.75,8.16,8.25,17247400.0
2025-01-06,8.2,8.45,7.62,8.45,10988238.0
2025-01-07,8.44,9.11,8.35,8.97,19733211.0
2025-01-08,8.85,9.05,8.71,8.89,11809300.0
2025-01-09,8.89,8.9,8.57,8.72,6963500.0
2025-01-10,8.72,8.79,8.18,8.21,7865700.0
2025-01-13,7.89,8.0,7.56,7.79,6537200.0
2025-01-14,7.79,8.2,7.79,8.19,4964700.0
2025-01-15,8.23,8.4,8.18,8.28,4234800.0
2025-01-16,8.26,8.56,8.26,8.41,5365300.0
2025-01-17,8.34,8.47,8.24,8.38,3179000.0
2025-01-20,8.39,8.75,8.39,8.59,4784800.0
2025-01-21,8.62,8.62,8.38,8.44,3479100.0
2025-01-22,8.46,8.46,8.17,8.22,3521800.0
2025-01-23,8.25,8.42,8.21,8.22,2921445.0
2025-01-24,8.25,8.28,8.12,8.24,2557300.0
2025-01-27,8.3,8.48,8.1,8.15,2973700.0
2025-02-05,8.3,8.97,8.22,8.97,6397967.0
2025-02-06,8.99,9.87,8.88,9.41,35948338.0
2025-02-07,9.29,10.35,9.1,10.35,39791366.0
2025-02-10,10.21,10.44,9.75,9.78,37547324.0
2025-02-11,9.88,10.29,9.35,9.51,25660900.0
2025-02-12,9.45,9.51,9.15,9.34,23303600.0
2025-02-13,9.31,9.31,9.05,9.2,14790800.0
2025-02-14,9.12,9.34,9.02,9.31,19706724.0
2025-02-17,9.11,9.64,8.96,9.58,26685098.0
2025-02-18,9.42,9.42,8.91,8.93,15751800.0
2025-02-19,8.93,9.41,8.91,9.23,12618561.0
2025-02-20,9.2,9.33,9.05,9.15,7963231.0
2025-02-21,9.1,9.19,9.01,9.15,7640600.0
2025-02-24,9.16,9.27,8.93,9.23,9283961.0
2025-02-25,9.04,9.13,8.89,8.93,7684190.0
2025-02-26,8.95,9.0,8.74,8.82,8970661.0
2025-02-27,8.86,9.04,8.78,8.91,6570190.0
2025-02-28,8.91,9.19,8.77,8.98,10947300.0
2025-03-03,8.98,9.19,8.82,8.88,8588900.0
2025-03-04,8.87,9.63,8.73,9.38,14437800.0
2025-03-05,9.33,9.47,9.17,9.42,9509600.0
2025-03-06,9.36,9.46,9.21,9.25,9098500.0
2025-03-07,9.25,9.3,9.07,9.13,5209834.0
2025-03-10,9.23,9.45,9.18,9.26,14670434.0
2025-03-11,9.1,9.35,9.0,9.34,11907000.0
2025-03-12,9.34,9.47,9.18,9.24,10587000.0
2025-03-13,9.24,9.46,9.11,9.45,13675000.0
2025-03-14,9.75,10.4,9.53,9.61,36402507.0
2025-03-17,9.25,9.48,9.21,9.36,22455007.0
2025-03-18,9.28,9.34,9.14,9.17,11450000.0
2025-03-19,9.14,9.17,9.01,9.04,7099700.0
2025-03-20,9.04,9.12,8.98,9.04,5636600.0
2025-03-21,9.0,9.05,8.85,8.91,5638400.0
2025-03-24,8.94,9.13,8.88,9.08,8173900.0
2025-03-25,9.03,9.04,8.88,8.94,4280500.0
2025-03-26,8.9,9.0,8.89,8.96,3326300.0
2025-03-27,8.96,9.0,8.8,8.83,4107300.0
2025-03-28,8.78,8.83,8.59,8.6,5210100.0
2025-03-31,8.6,8.61,8.33,8.5,4415700.0
2025-04-01,8.47,8.59,8.45,8.5,2880100.0
2025-04-02,8.54,8.64,8.49,8.57,2429000.0
2025-04-03,8.5,8.65,8.45,8.62,3294100.0
2025-04-07,8.08,8.15,7.76,7.76,5044800.0
2025-04-08,7.75,7.8,7.29,7.49,6823300.0
2025-04-09,7.34,7.73,7.07,7.68,5724400.0
2025-04-10,7.98,8.22,7.9,7.95,7689500.0
2025-04-11,7.86,8.25,7.83,8.05,5403800.0
2025-04-14,8.5,8.86,8.37,8.86,5730700.0
2025-04-15,8.86,9.2,8.58,8.66,16373900.0
2025-04-16,8.57,8.58,8.28,8.37,9008000.0
2025-04-17,8.42,8.75,8.32,8.58,7800904.0
2025-04-18,8.49,8.67,8.38,8.39,5050100.0
2025-04-21,8.35,8.44,8.28,8.41,3788200.0
2025-04-22,8.36,8.53,8.36,8.48,4140000.0
2025-04-23,8.5,8.6,8.45,8.5,4231100.0
2025-04-24,8.42,8.47,8.3,8.37,3000198.0
2025-04-25,8.3,8.34,8.09,8.16,5749096.0
2025-04-28,8.16,8.19,7.99,8.1,3361201.0
2025-04-29,8.06,8.24,8.01,8.2,3204600.0
2025-04-30,8.18,8.35,8.18,8.2,2186699.0
2025-05-06,8.43,8.44,8.31,8.41,3308100.0
2025-05-07,8.55,8.57,8.39,8.47,3257796.0
2025-05-08,8.47,8.58,8.41,8.56,3122400.0
2025-05-09,8.46,8.46,8.28,8.35,2818500.0
2025-05-12,8.42,8.42,8.27,8.36,2542200.0
2025-05-13,8.42,8.48,8.31,8.33,2877300.0
2025-05-14,8.33,8.35,8.23,8.3,2459800.0
2025-05-15,8.3,8.31,8.21,8.24,2400600.0
2025-05-16,8.22,8.3,8.18,8.23,1991200.0
2025-05-19,8.29,8.42,8.19,8.41,4936700.0
2025-05-20,8.41,8.86,8.35,8.7,10051204.0
2025-05-21,8.66,8.91,8.6,8.75,9234000.0
2025-05-22,8.73,8.83,8.6,8.81,6742200.0
2025-05-23,8.72,8.77,8.4,8.51,5305500.0
2025-05-26,8.45,8.57,8.42,8.52,2708900.0
2025-05-27,8.51,8.65,8.45,8.61,2738600.0
2025-05-28,8.61,8.63,8.49,8.57,1927900.0
2025-05-29,8.56,8.72,8.48,8.69,3009300.0
2025-05-30,8.65,8.77,8.51,8.59,3622000.0
2025-06-03,8.51,9.03,8.51,8.84,9906970.0
2025-06-04,8.86,9.18,8.82,9.01,9706900.0
2025-06-05,9.01,9.91,9.01,9.91,24976087.0
2025-06-06,9.61,9.81,9.18,9.53,29878418.0
2025-06-09,9.45,9.88,9.38,9.73,23792532.0
2025-06-10,9.92,10.7,9.92,10.2,45387749.0
2025-06-11,10.0,11.22,9.61,10.94,49075675.0
2025-06-12,10.36,11.2,9.92,10.82,41662001.0
2025-06-13,10.49,10.74,10.03,10.05,25935062.0
2025-06-16,10.05,10.09,9.6,9.7,22051280.0
2025-06-17,9.7,9.74,9.26,9.36,16271200.0
2025-06-18,9.2,9.34,9.13,9.18,10329770.0
2025-06-19,9.18,9.22,8.89,8.92,11007701.0
2025-06-20,8.92,9.0,8.76,8.87,7763496.0
2025-06-23,8.76,8.95,8.75,8.94,7153500.0
2025-06-24,8.98,9.03,8.91,8.96,7729500.0
2025-06-25,8.98,8.99,8.82,8.88,8004200.0
2025-06-26,8.88,8.97,8.78,8.94,7452400.0
2025-06-27,8.92,8.93,8.82,8.85,5487900.0
2025-06-30,8.83,8.91,8.83,8.89,4723500.0
2025-07-01,8.89,9.06,8.8,9.01,9121600.0
2025-07-02,9.0,9.14,8.9,9.1,9440100.0
2025-07-03,9.1,9.17,9.03,9.05,5475900.0
2025-07-04,9.07,9.07,8.92,8.96,4940800.0
2025-07-07,8.98,9.18,8.92,9.17,7834800.0
2025-07-08,9.13,9.18,9.04,9.07,7283100.0
2025-07-09,9.08,9.08,9.01,9.04,4346600.0
2025-07-10,9.02,9.04,8.95,9.03,3881600.0
2025-07-11,9.04,9.05,8.91,8.99,3910700.0
2025-07-14,8.96,9.12,8.95,9.03,4152700.0
2025-07-15,9.0,9.0,8.8,8.88,5331200.0
2025-07-16,8.88,8.98,8.87,8.97,3783300.0
2025-07-17,8.97,9.01,8.91,8.94,3691100.0
2025-07-18,8.93,8.99,8.87,8.97,3244100.0
2025-07-21,8.94,9.02,8.94,9.01,4031800.0
2025-07-22,9.05,9.05,8.93,8.99,3760500.0
2025-07-23,8.99,9.06,8.92,8.94,3942300.0
2025-07-24,8.92,9.18,8.92,9.13,8044100.0
2025-07-25,9.18,9.34,9.05,9.25,7753600.0
2025-07-28,9.83,10.18,9.7,10.18,16243795.0
2025-07-29,10.18,10.6,9.8,10.29,32891134.0
2025-07-30,10.15,11.2,9.96,10.83,36257239.0
2025-07-31,10.3,11.05,10.2,10.38,28503907.0
2025-08-01,10.15,10.15,9.69,9.89,22489538.0
2025-08-04,9.92,10.3,9.51,9.7,16683138.0
2025-08-05,9.61,9.73,9.43,9.62,13617977.0
2025-08-06,9.56,9.58,9.39,9.5,12130200.0
2025-08-07,9.46,9.5,9.34,9.39,9297500.0
2025-08-08,9.35,9.45,9.3,9.38,7985000.0
2025-08-11,9.37,9.47,9.32,9.46,7861300.0
2025-08-12,9.46,9.53,9.34,9.38,6779000.0
2025-08-13,9.4,9.43,9.3,9.38,6453818.0
2025-08-14,9.35,10.17,9.35,9.89,24996599.0
2025-08-15,9.77,10.05,9.52,9.86,14941800.0
2025-08-18,9.81,10.08,9.73,10.0,16191200.0
2025-08-19,9.98,10.02,9.82,9.84,13298700.0
2025-08-20,9.86,9.93,9.78,9.87,10056800.0
2025-08-21,9.86,10.3,9.8,10.25,20833000.0
2025-08-22,10.17,10.28,10.0,10.28,10612300.0
2025-08-25,10.3,10.35,9.75,9.89,24224800.0
2025-08-26,9.78,9.92,9.74,9.81,9727780.0
2025-08-27,9.8,9.88,9.5,9.52,10524500.0
2025-08-28,9.58,9.69,9.27,9.5,7589900.0
2025-08-29,9.48,9.57,9.42,9.5,4570400.0
2025-09-01,9.45,9.85,9.4,9.82,9880948.0
2025-09-02,9.8,9.82,9.51,9.58,5632100.0
2025-09-03,9.69,9.69,9.38,9.47,4926300.0
2025-09-04,9.46,9.67,9.4,9.54,5778400.0
2025-09-05,10.49,10.49,10.02,10.13,41550660.0
2025-09-08,9.77,10.7,9.72,10.26,35552341.0
2025-09-09,10.04,10.2,9.9,9.91,16494300.0
2025-09-10,9.97,10.46,9.95,10.19,25511500.0
2025-09-11,10.2,10.24,9.8,9.94,17778600.0
2025-09-12,9.95,9.96,9.66,9.66,13666000.0
2025-09-15,9.61,9.75,9.6,9.71,6759300.0
2025-09-16,9.66,9.77,9.61,9.76,9361769.0
2025-09-17,9.81,10.1,9.81,9.83,11554502.0
2025-09-18,9.88,9.88,9.5,9.58,10493300.0
2025-09-19,9.53,9.61,9.36,9.58,7669700.0
2025-09-22,9.59,9.8,9.39,9.75,8716900.0
2025-09-23,9.75,9.78,9.37,9.47,5473400.0
2025-09-24,9.42,9.57,9.34,9.53,3906800.0
2025-09-25,9.5,9.52,9.38,9.39,3570600.0
2025-09-26,9.38,9.44,9.28,9.33,2847400.0
2025-09-29,9.33,9.34,9.12,9.21,4363800.0
2025-09-30,9.21,9.31,9.18,9.25,3055400.0
2025-10-09,9.25,9.29,9.12,9.24,3300000.0
2025-10-10,9.24,9.34,9.2,9.34,3058099.0
